{
  "keyframes": [
    {
      "matrix": "[0.9973775219922897,-0.07237504576669485,3.469447070999378e-18,0,0.04606348726949979,0.6347862899496604,0.7713135654641501,0,-0.05582384963418146,-0.7692907441563435,0.6364553672372746,0,-8.574132579385502,-33.07442078233566,42.72913243865852,1]",
      "fov": 50,
      "aspect": 1,
      "properties": "[[\"FOV\",50],[\"NAME\",\"Camera 0\"],[\"TIME\",0]]"
    },
    {
      "matrix": "[0.9954975347397442,0.09478779959627293,-6.938894141998755e-18,0,-0.058912974944502296,0.6187264771545811,0.7833944746343132,0,0.07425623185974008,-0.7798671988408595,0.6215248586499484,0,-1.4574183179103528,-33.65306130150427,41.91228052578922,1]",
      "fov": 50,
      "aspect": 1,
      "properties": "[[\"FOV\",50],[\"NAME\",\"Camera 1\"],[\"TIME\",0.16666666666666669]]"
    },
    {
      "matrix": "[0.8936706808121525,0.4487235038216244,5.551115313599004e-17,0,-0.27111022869645834,0.5399388723587214,0.7968471327981598,0,0.3575640056262243,-0.7121188563123115,0.6041810176451337,0,13.776248805570777,-30.010183153380588,40.979689453552325,1]",
      "fov": 50,
      "aspect": 1,
      "properties": "[[\"FOV\",50],[\"NAME\",\"Camera 2\"],[\"TIME\",0.33333333333333337]]"
    },
    {
      "matrix": "[0.7312208892253779,0.6821408064217086,-5.551115313599004e-17,0,-0.3533279827677104,0.3787499579491396,0.8553992640769145,0,0.583502691894567,-0.6254857548703429,0.5179692700574092,0,25.667003065144996,-25.450835938412087,36.442517348211496,1]",
      "fov": 50,
      "aspect": 1,
      "properties": "[[\"FOV\",50],[\"NAME\",\"Camera 3\"],[\"TIME\",0.5000000000000001]]"
    },
    {
      "matrix": "[0.6138848879081834,0.7893955998250616,0,0,-0.4363192669085962,0.33930997882142067,0.8333632645089738,0,0.6578532355287214,-0.5115890687027919,0.5527257285543503,0,29.483292119083934,-19.604709528900802,38.22650823290797,1]",
      "fov": 50,
      "aspect": 1,
      "properties": "[[\"FOV\",50],[\"NAME\",\"Camera 4\"],[\"TIME\",0.6666666666666667]]"
    },
    {
      "matrix": "[0.28386515292640857,0.9588642466894248,5.551115313599004e-17,0,-0.5387267798659442,0.15948635094090685,0.827247034177413,0,0.7932175336784437,-0.23482658497170092,0.5618384153592119,0,36.511382092309134,-5.383591331326269,38.62139368745694,1]",
      "fov": 50,
      "aspect": 1,
      "properties": "[[\"FOV\",50],[\"NAME\",\"Camera 5\"],[\"TIME\",0.8333333333333334]]"
    },
    {
      "matrix": "[-0.13158818899283548,0.9913045027350563,1.1102230627198009e-16,0,-0.5479195146418379,-0.07273217911007795,0.8333632645089736,0,0.8261166830204862,0.10966075299315772,0.5527257285543504,0,39.35422752921177,3.894222684499596,38.32268984839662,1]",
      "fov": 50,
      "aspect": 1,
      "properties": "[[\"FOV\",50],[\"NAME\",\"Camera 6\"],[\"TIME\",1]]"
    }
  ],
  "camera_type": "perspective",
  "render_height": 1080,
  "render_width": 1920,
  "camera_path": [
    {
      "camera_to_world": [
        0.9973774877696698,
        0.046063485080643604,
        -0.055823850032827006,
        -8.574132579385502,
        -0.07237504328331856,
        0.6347862597857283,
        -0.769290749649951,
        -33.07442078233566,
        6.938893903907228e-18,
        0.7713135288126814,
        0.6364553717822868,
        42.72913243865852,
        0,
        0,
        0,
        1
      ],
      "fov": 50,
      "aspect": 1
    },
    {
      "camera_to_world": [
        0.998056916930378,
        0.03973790313101955,
        -0.047992599660557654,
        -8.144200522629497,
        -0.062308623941058,
        0.634524473737342,
        -0.7703871284042334,
        -33.11831564632781,
        -0.00016109003900946156,
        0.7718805550621797,
        0.6357675540375589,
        42.67829111883447,
        0,
        0,
        0,
        1
      ],
      "fov": 50,
      "aspect": 1
    },
    {
      "camera_to_world": [
        0.9986051828008313,
        0.03371693776755166,
        -0.040630739482535864,
        -7.740030279156227,
        -0.05279796390369264,
        0.6340135540962644,
        -0.7715174581497477,
        -33.17560888499643,
        -0.00025276657813270645,
        0.7725865526462405,
        0.6349094067496991,
        42.6278171352096,
        0,
        0,
        0,
        1
      ],
      "fov": 50,
      "aspect": 1
    },
    {
      "camera_to_world": [
        0.9990436071141153,
        0.02793929764724259,
        -0.03363430884374088,
        -7.355676815131214,
        -0.04372400500036334,
        0.6333013888889566,
        -0.7726691156103282,
        -33.24320856572387,
        -0.0002871778988074447,
        0.7734007670530832,
        0.6339173219360369,
        42.57762571789176,
        0,
        0,
        0,
        1
      ],
      "fov": 50,
      "aspect": 1
    },
    {
      "camera_to_world": [
        0.9993885716681119,
        0.022338991930958858,
        -0.026897067845398845,
        -6.98519509671998,
        -0.034962932625824,
        0.6324311734652095,
        -0.7738271151695452,
        -33.31802275589247,
        -0.00027597350149069494,
        0.774294375718258,
        0.6328255237975945,
        42.527632096988874,
        0,
        0,
        0,
        1
      ],
      "fov": 50,
      "aspect": 1
    },
    {
      "camera_to_world": [
        0.9996517716811397,
        0.01684632124259906,
        -0.020311002814972997,
        -6.622640090088049,
        -0.026387162722251178,
        0.6314415309925487,
        -0.774974393500363,
        -33.39695952288461,
        -0.00023025687421497285,
        0.7752404752064854,
        0.6316661717896523,
        42.477751502608804,
        0,
        0,
        0,
        1
      ],
      "fov": 50,
      "aspect": 1
    },
    {
      "camera_to_world": [
        0.9998403760730736,
        0.011388615820888128,
        -0.01376669182262976,
        -6.262066761400943,
        -0.017866073922937997,
        0.6303665820430691,
        -0.776091989164892,
        -33.476926934082634,
        -0.00016055103599643512,
        0.7762140630477025,
        0.6304694303059761,
        42.42789916485943,
        0,
        0,
        0,
        1
      ],
      "fov": 50,
      "aspect": 1
    },
    {
      "camera_to_world": [
        0.999957062087252,
        0.0058907373840711924,
        -0.007153544219735247,
        -5.897530076824187,
        -0.009266503531975338,
        0.6292359261234761,
        -0.7771591093127733,
        -33.554833056868894,
        -0.0000767731964298763,
        0.7771920280655246,
        0.6292634945849578,
        42.37799031384865,
        0,
        0,
        0,
        1
      ],
      "fov": 50,
      "aspect": 1
    },
    {
      "camera_to_world": [
        0.9999998973124283,
        0.0002753662551514979,
        -0.0003599285464900507,
        -5.523085002523301,
        -0.000453030076810115,
        0.6280745041866047,
        -0.7781530774561649,
        -33.62758595862574,
        0.000011784844505626302,
        0.7781531606079718,
        0.6280745644403548,
        42.32794017968435,
        0,
        0,
        0,
        1
      ],
      "fov": 50,
      "aspect": 1
    },
    {
      "camera_to_world": [
        0.9999620457536643,
        -0.005536900538310853,
        0.006726796011145329,
        -5.132786504663811,
        0.008711931184908045,
        0.6269023150270442,
        -0.7790491574148336,
        -33.692093706735534,
        0.00009647370695911508,
        0.7790781925751492,
        0.6269267585186188,
        42.2776639924744,
        0,
        0,
        0,
        1
      ],
      "fov": 50,
      "aspect": 1
    },
    {
      "camera_to_world": [
        0.9998312762437263,
        -0.011627610263046161,
        0.014220327858816441,
        -4.7206895494112375,
        0.01836818937844458,
        0.6257339600869288,
        -0.7798202490400511,
        -33.74526436858062,
        0.00016930386623762242,
        0.7799498765135491,
        0.6258419620500854,
        42.22707698232671,
        0,
        0,
        0,
        1
      ],
      "fov": 50,
      "aspect": 1
    },
    {
      "camera_to_world": [
        0.9995892514476175,
        -0.018080639515723855,
        0.02223553159010596,
        -4.280849102931106,
        0.02865796008674395,
        0.6245779908418149,
        -0.7804364514037441,
        -33.78400601154337,
        0.00022296649691374952,
        0.7807531132379201,
        0.6248396005818109,
        42.17609437934914,
        0,
        0,
        0,
        1
      ],
      "fov": 50,
      "aspect": 1
    },
    {
      "camera_to_world": [
        0.999210574414495,
        -0.02498246127767678,
        0.030888583761065222,
        -3.807320131388937,
        0.03972612549842366,
        0.6234360310340784,
        -0.7808644889872757,
        -33.80522670300611,
        0.0002508607949752925,
        0.7814751383358175,
        0.6239363310722309,
        42.12463141364959,
        0,
        0,
        0,
        1
      ],
      "fov": 50,
      "aspect": 1
    },
    {
      "camera_to_world": [
        0.9986615676870612,
        -0.03242244221791071,
        0.04029712726048282,
        -3.2941576009502525,
        0.05172051963261746,
        0.6223016432115187,
        -0.7810669962974851,
        -33.805834510351225,
        0.0002471310448701504,
        0.7821057793526845,
        0.6231456401431182,
        42.07260331533594,
        0,
        0,
        0,
        1
      ],
      "fov": 50,
      "aspect": 1
    },
    {
      "camera_to_world": [
        0.997898758270767,
        -0.04049310482761867,
        0.05058039840769332,
        -2.73541647778058,
        0.06479217167021734,
        0.6211589062391998,
        -0.7810016566499574,
        -33.78273750096106,
        0.0002067170012048231,
        0.7826377972351836,
        0.6224773374243764,
        42.01992531451607,
        0,
        0,
        0,
        1
      ],
      "fov": 50,
      "aspect": 1
    },
    {
      "camera_to_world": [
        0.9968670415710089,
        -0.04929027020662102,
        0.06185928137654695,
        -2.1251517280454415,
        0.07909542147874901,
        0.6199806690381314,
        -0.780620192103772,
        -33.73284374221796,
        0.00012542154348973297,
        0.7830673274259302,
        0.621936930072051,
        41.966512641297875,
        0,
        0,
        0,
        1
      ],
      "fov": 50,
      "aspect": 1
    },
    {
      "camera_to_world": [
        0.9954975005816317,
        -0.05891297214506099,
        0.0742562323900137,
        -1.4574183179103528,
        0.09478779634385669,
        0.6187264477537833,
        -0.7798672044099948,
        -33.65306130150427,
        1.3877787807814457e-17,
        0.7833944374087808,
        0.6215248630883401,
        41.91228052578922,
        0,
        0,
        0,
        1
      ],
      "fov": 50,
      "aspect": 1
    },
    {
      "camera_to_world": [
        0.9936861198728724,
        -0.06965927471480052,
        0.0879515811012165,
        -0.7221318352163103,
        0.11219577380863976,
        0.6173662834672172,
        -0.7786340477896893,
        -33.54300699538906,
        -0.000059257712244492624,
        0.7835856414483892,
        0.6212837829884506,
        41.863772639725866,
        0,
        0,
        0,
        1
      ],
      "fov": 50,
      "aspect": 1
    },
    {
      "camera_to_world": [
        0.9913314217711475,
        -0.08164282959762743,
        0.1029391110535154,
        0.08123313874456611,
        0.13138497298190782,
        0.6158185576036916,
        -0.776856159778277,
        -33.4059727226033,
        0.00003292018466302671,
        0.783646573709221,
        0.6212069272231757,
        41.82588563203377,
        0,
        0,
        0,
        1
      ],
      "fov": 50,
      "aspect": 1
    },
    {
      "camera_to_world": [
        0.9883623616183991,
        -0.09468154099912969,
        0.11905985020203548,
        0.9442831476300605,
        0.1521176718926213,
        0.6139600436229687,
        -0.7745406888811273,
        -33.24437917377235,
        0.00023671516600677622,
        0.7836379716607105,
        0.6212177342425261,
        41.796064198606196,
        0,
        0,
        0,
        1
      ],
      "fov": 50,
      "aspect": 1
    },
    {
      "camera_to_world": [
        0.9847193683166391,
        -0.10858432058981407,
        0.13615142666945443,
        1.8586247350979526,
        0.17414793157311162,
        0.6116797624073653,
        -0.7716996606129072,
        -33.06064703952151,
        0.000513411030446928,
        0.7836180916641203,
        0.6212426440818404,
        41.7717530353364,
        0,
        0,
        0,
        1
      ],
      "fov": 50,
      "aspect": 1
    },
    {
      "camera_to_world": [
        0.980358419701863,
        -0.12315197700517226,
        0.15404856208151846,
        2.81586444480601,
        0.1972224277043803,
        0.6088834856993197,
        -0.7683516218848222,
        -32.85719701047614,
        0.0008263958230834284,
        0.7836418132044536,
        0.6212123837043012,
        41.75039683811766,
        0,
        0,
        0,
        1
      ],
      "fov": 50,
      "aspect": 1
    },
    {
      "camera_to_world": [
        0.9752544728876722,
        -0.1381792173645677,
        0.17258394189815124,
        3.807608820412023,
        0.22108235763155604,
        0.6054974980507534,
        -0.7645229695688355,
        -32.63644977726154,
        0.0011420405691897342,
        0.7837597104615632,
        0.6210631304469336,
        41.7294403028432,
        0,
        0,
        0,
        1
      ],
      "fov": 50,
      "aspect": 1
    },
    {
      "camera_to_world": [
        0.9694040741848521,
        -0.15345760919793944,
        0.19158941289398612,
        4.82546440557377,
        0.24546628043900084,
        0.6014714202185281,
        -0.7602489301720512,
        -32.400826030503055,
        0.0014304269473143785,
        0.7840171508580404,
        0.6207375138004703,
        41.70632812540631,
        0,
        0,
        0,
        1
      ],
      "fov": 50,
      "aspect": 1
    },
    {
      "camera_to_world": [
        0.962827002405476,
        -0.16877925544361413,
        0.21089743092504665,
        5.861037743949017,
        0.27011365801104736,
        0.5967799307378207,
        -0.755574169770548,
        -32.152746460826,
        0.0016658915860663648,
        0.7844534895074796,
        0.620185413892299,
        41.678505001700245,
        0,
        0,
        0,
        1
      ],
      "fov": 50,
      "aspect": 1
    },
    {
      "camera_to_world": [
        0.9555668573236931,
        -0.1839408596230155,
        0.2303426607158716,
        6.90593537919556,
        0.29476879406772366,
        0.5914232890412694,
        -0.7505530302540036,
        -31.89463175885571,
        0.0018273555704826083,
        0.7851014286961612,
        0.6193645190280646,
        41.64341562761825,
        0,
        0,
        0,
        1
      ],
      "fov": 50,
      "aspect": 1
    },
    {
      "camera_to_world": [
        0.9476905837405474,
        -0.19874781461522453,
        0.2497636155951719,
        7.951763854971157,
        0.319184826575021,
        0.585426653536562,
        -0.7452494077912817,
        -31.628902615217513,
        0.0018984134887337907,
        0.7859866026305122,
        0.6182406137674644,
        41.59850469905359,
        0,
        0,
        0,
        1
      ],
      "fov": 50,
      "aspect": 1
    },
    {
      "camera_to_world": [
        0.9392870088991729,
        -0.21301794393725185,
        0.2690042201787756,
        8.990129714933607,
        0.3431274232783185,
        0.5788382875106346,
        -0.7397363099822378,
        -31.357979720536733,
        0.0018671656667297036,
        0.7871274308982642,
        0.6167875819274179,
        41.54121691189955,
        0,
        0,
        0,
        1
      ],
      "fov": 50,
      "aspect": 1
    },
    {
      "camera_to_world": [
        0.9304645530759512,
        -0.22658455982108633,
        0.28791518320480264,
        10.012639502740686,
        0.3663778611271465,
        0.5717268386726139,
        -0.7340951469784529,
        -31.0842837654387,
        0.0017257882453801665,
        0.788535261857137,
        0.6149871238187257,
        41.468996962049346,
        0,
        0,
        0,
        1
      ],
      "fov": 50,
      "aspect": 1
    },
    {
      "camera_to_world": [
        0.9213483372724787,
        -0.239298571353658,
        0.3063550801820288,
        11.010899762050153,
        0.3887352324618263,
        0.564177949990933,
        -0.7284148267209271,
        -30.810235440548738,
        0.0014698462807353212,
        0.7902148027543691,
        0.6128282019128889,
        41.37928954539627,
        0,
        0,
        0,
        1
      ],
      "fov": 50,
      "aspect": 1
    },
    {
      "camera_to_world": [
        0.9120769489498969,
        -0.251029466454406,
        0.32419106429058714,
        11.976517036519807,
        0.4100176032667922,
        0.5562904999018529,
        -0.7227907337053389,
        -30.538255436492186,
        0.0010973630223154174,
        0.7921648103081599,
        0.610306242065272,
        41.26953935783356,
        0,
        0,
        0,
        1
      ],
      "fov": 50,
      "aspect": 1
    },
    {
      "camera_to_world": [
        0.9027991328007492,
        -0.2616650883832679,
        0.3412991464032573,
        12.901097869807431,
        0.4300620380371833,
        0.5481727746823098,
        -0.7173236734810876,
        -30.270764443894354,
        0.0006076623402617443,
        0.7943789968387093,
        0.6074221268014577,
        41.137191095254494,
        0,
        0,
        0,
        1
      ],
      "fov": 50,
      "aspect": 1
    },
    {
      "camera_to_world": [
        0.8936706501479846,
        -0.2711102158137754,
        0.3575640081796359,
        13.776248805570773,
        0.44872348842475224,
        0.5399388467017724,
        -0.712118861397647,
        -30.01018315338059,
        3.885780586188049e-16,
        0.7968470949333806,
        0.6041810219596706,
        40.97968945355232,
        0,
        0,
        0,
        1
      ],
      "fov": 50,
      "aspect": 1
    },
    {
      "camera_to_world": [
        0.8845256792803129,
        -0.27951423277376036,
        0.3734784014780468,
        14.626021578198404,
        0.46649085225553283,
        0.5313304996291903,
        -0.7071592359049704,
        -29.752751690232927,
        -0.0007793943851855112,
        0.7997247613027191,
        0.6003663037710406,
        40.783544576802235,
        0,
        0,
        0,
        1
      ],
      "fov": 50,
      "aspect": 1
    },
    {
      "camera_to_world": [
        0.8750997343293627,
        -0.2871397321192271,
        0.3895526013456686,
        15.477753231348496,
        0.4839395951155867,
        0.5220672936988822,
        -0.7023163170034477,
        -29.49291557049116,
        -0.0017097532105605777,
        0.8031167505963399,
        0.5958192357213178,
        40.54181669984939,
        0,
        0,
        0,
        1
      ],
      "fov": 50,
      "aspect": 1
    },
    {
      "camera_to_world": [
        0.865407247538114,
        -0.2940684015251152,
        0.4057019486432978,
        16.327978272583238,
        0.501061926632927,
        0.5122328909657141,
        -0.6975345232257727,
        -29.230403570917236,
        -0.0026910197703937655,
        0.8069332318335702,
        0.590636536099169,
        40.261775654742,
        0,
        0,
        0,
        1
      ],
      "fov": 50,
      "aspect": 1
    },
    {
      "camera_to_world": [
        0.8554675392766706,
        -0.30037712359914426,
        0.4218398663737491,
        17.17323120946486,
        0.5178436670439841,
        0.5019131856332997,
        -0.6927633727254006,
        -28.96494446827309,
        -0.0036367219246761784,
        0.8110836810747318,
        0.5849188290249385,
        39.95069127352824,
        0,
        0,
        0,
        1
      ],
      "fov": 50,
      "aspect": 1
    },
    {
      "camera_to_world": [
        0.8453054604185876,
        -0.30613898530310524,
        0.43787852226856794,
        18.010046549555565,
        0.534264596714294,
        0.49119788506316,
        -0.6879578318524993,
        -28.696267039320656,
        -0.004474291478253955,
        0.8154775039123177,
        0.5787714759114376,
        39.61583338825632,
        0,
        0,
        0,
        1
      ],
      "fov": 50,
      "aspect": 1
    },
    {
      "camera_to_world": [
        0.8349517182060354,
        -0.3114243045390634,
        0.45372957894229243,
        18.834958800417557,
        0.5502991488064246,
        0.48018175059185003,
        -0.683078570313453,
        -28.424100060821882,
        -0.005145394806408188,
        0.8200246270331806,
        0.5723051074133265,
        39.264471830974436,
        0,
        0,
        0,
        1
      ],
      "fov": 50,
      "aspect": 1
    },
    {
      "camera_to_world": [
        0.8244429038083856,
        -0.3163016414733511,
        0.46930498608182397,
        19.644502469613055,
        0.5659173693081084,
        0.46896549327770826,
        -0.6780921008463274,
        -28.148172309538705,
        -0.005606199727744093,
        0.8246360637978789,
        0.5656358659142411,
        38.90387643373078,
        0,
        0,
        0,
        1
      ],
      "fov": 50,
      "aspect": 1
    },
    {
      "camera_to_world": [
        0.8138212492676595,
        -0.3208387623951682,
        0.48451776312655764,
        20.435212064704267,
        0.5810860645533474,
        0.45765632458275757,
        -0.6729707825391118,
        -27.86821256223306,
        -0.005827505669603023,
        0.8292244431480168,
        0.5588853756035599,
        38.54131702857357,
        0,
        0,
        0,
        1
      ],
      "fov": 50,
      "aspect": 1
    },
    {
      "camera_to_world": [
        0.8031341526363815,
        -0.32510352309608914,
        0.4992827176455762,
        21.203622093253408,
        0.5957700518064235,
        0.44636816986820765,
        -0.667692670544674,
        -27.5839495956669,
        -0.005794673382771065,
        0.8337044777371762,
        0.5521804646683631,
        38.184063447551004,
        0,
        0,
        0,
        1
      ],
      "fov": 50,
      "aspect": 1
    },
    {
      "camera_to_world": [
        0.7924335213698845,
        -0.3291646382970906,
        0.5135170446091057,
        21.946267062822685,
        0.6099334257085761,
        0.43522156266918854,
        -0.662241200463389,
        -27.295112186602157,
        -0.00550730539607594,
        0.8379933366575983,
        0.5456526709407179,
        37.83938552271126,
        0,
        0,
        0,
        1
      ],
      "fov": 50,
      "aspect": 1
    },
    {
      "camera_to_world": [
        0.7817749938151827,
        -0.33309230447751925,
        0.5271407551528592,
        22.659681480974303,
        0.6235407541760385,
        0.42434324865561246,
        -0.6566047023910034,
        -27.001429111800768,
        -0.0049786470901420354,
        0.8420108811756868,
        0.539437567337403,
        37.51455308610255,
        0,
        0,
        0,
        1
      ],
      "fov": 50,
      "aspect": 1
    },
    {
      "camera_to_world": [
        0.7712171054222722,
        -0.3369586459850131,
        0.5400768900814389,
        23.340399855270476,
        0.6365581227462959,
        0.41386553822711436,
        -0.6507757468081403,
        -26.70262914802468,
        -0.004234698313224096,
        0.8456797190212896,
        0.5336739455568994,
        37.21683596977308,
        0,
        0,
        0,
        1
      ],
      "fov": 50,
      "aspect": 1
    },
    {
      "camera_to_world": [
        0.760820468889099,
        -0.34083795839007835,
        0.55225148278647,
        23.984956693273432,
        0.6489539566542051,
        0.4039254539338446,
        -0.6447503313742381,
        -26.398441072035826,
        -0.0033130442532418604,
        0.8489250342549809,
        0.5285028949333724,
        36.95350400577104,
        0,
        0,
        0,
        1
      ],
      "fov": 50,
      "aspect": 1
    },
    {
      "camera_to_world": [
        0.7506470351049224,
        -0.3448067280745763,
        0.5635932477972876,
        24.589886502545358,
        0.6606995645720248,
        0.3946637215971968,
        -0.6385269236527048,
        -26.088593660596146,
        -0.0022614293105147347,
        0.851674155489971,
        0.5240668075807874,
        36.73182702614462,
        0,
        0,
        0,
        1
      ],
      "fov": 50,
      "aspect": 1
    },
    {
      "camera_to_world": [
        0.7407594942647593,
        -0.34894341205628404,
        0.57403298410382,
        25.151723790648468,
        0.6717693658672895,
        0.3862236507444137,
        -0.6321053794170057,
        -25.77281569046759,
        -0.0011361068953853748,
        0.8538558348973059,
        0.5205083308391393,
        36.559074862942055,
        0,
        0,
        0,
        1
      ],
      "fov": 50,
      "aspect": 1
    },
    {
      "camera_to_world": [
        0.7312208641352852,
        -0.35332796597818383,
        0.5835026960614376,
        25.667003065144986,
        0.6821407830156815,
        0.3787499399516052,
        -0.62548575933702,
        -25.450835938412087,
        -1.6653345369377348e-16,
        0.855399223429841,
        0.5179692737562964,
        36.442517348211496,
        0,
        0,
        0,
        1
      ],
      "fov": 50,
      "aspect": 1
    },
    {
      "camera_to_world": [
        0.7223785965406602,
        -0.357772811061159,
        0.5917497603931433,
        26.12141195834511,
        0.6914970092300593,
        0.3724819956175504,
        -0.618941878666043,
        -25.13613055192812,
        0.0010244441563797,
        0.8563035551754784,
        0.5164718500634929,
        36.38294437966394,
        0,
        0,
        0,
        1
      ],
      "fov": 50,
      "aspect": 1
    },
    {
      "camera_to_world": [
        0.7144588946495303,
        -0.3620899133507841,
        0.5986980729097039,
        26.50845930298221,
        0.6996749812366546,
        0.36748034638631377,
        -0.6127096503657192,
        -24.838895452700758,
        0.0018462089964359774,
        0.8566499224709103,
        0.5158948554142839,
        36.372534520809495,
        0,
        0,
        0,
        1
      ],
      "fov": 50,
      "aspect": 1
    },
    {
      "camera_to_world": [
        0.7073326037914631,
        -0.3663511148777755,
        0.6045390378142673,
        26.836411407253244,
        0.7068766133838824,
        0.36360936635336666,
        -0.6067237280270457,
        -24.553939078771865,
        0.002457857709988715,
        0.8564899820359337,
        0.5161577952599024,
        36.4056406023951,
        0,
        0,
        0,
        1
      ],
      "fov": 50,
      "aspect": 1
    },
    {
      "camera_to_world": [
        0.7008594559829642,
        -0.3706183889766011,
        0.609457162326978,
        27.11353457935519,
        0.7132936396182129,
        0.36072038472224616,
        -0.6009101328202395,
        -24.276069868183292,
        0.002864723279236619,
        0.8558754662906419,
        0.5171740321809573,
        36.476615455167696,
        0,
        0,
        0,
        1
      ],
      "fov": 50,
      "aspect": 1
    },
    {
      "camera_to_world": [
        0.6948906923252377,
        -0.37494526036450887,
        0.613630978235244,
        27.348095127484996,
        0.7191087762164545,
        0.3586550539878449,
        -0.5951883065194151,
        -24.000096258976896,
        0.0030811829262576695,
        0.8548582361884144,
        0.5188524861004409,
        36.5798119098742,
        0,
        0,
        0,
        1
      ],
      "fov": 50,
      "aspect": 1
    },
    {
      "camera_to_world": [
        0.6892708382106334,
        -0.37937824856793134,
        0.617234036736423,
        27.54835935983964,
        0.7244970184011912,
        0.3572478208886183,
        -0.5894727006385605,
        -23.72082668919453,
        0.003127606144493117,
        0.853490561742696,
        0.5210989148865522,
        36.709582797261575,
        0,
        0,
        0,
        1
      ],
      "fov": 50,
      "aspect": 1
    },
    {
      "camera_to_world": [
        0.683838777310459,
        -0.3839581652591881,
        0.6204358580686118,
        27.722593584616078,
        0.7296268622837201,
        0.35632761160367143,
        -0.5836739458317773,
        -23.433069596878056,
        0.003027949892297045,
        0.8518255458364822,
        0.5238168296072861,
        36.86028094807673,
        0,
        0,
        0,
        1
      ],
      "fov": 50,
      "aspect": 1
    },
    {
      "camera_to_world": [
        0.6784282380030737,
        -0.38872114972685123,
        0.623402753952114,
        27.879064110011278,
        0.734661310510732,
        0.35571882473853195,
        -0.5776996421716838,
        -23.131633420069324,
        0.0028079741271573033,
        0.849917634528001,
        0.5269080847734534,
        37.026259193066615,
        0,
        0,
        0,
        1
      ],
      "fov": 50,
      "aspect": 1
    },
    {
      "camera_to_world": [
        0.6728677764037155,
        -0.39369935999273986,
        0.626298466722398,
        28.026037244222202,
        0.7397585654539074,
        0.3552417055413482,
        -0.5714548061585021,
        -22.81132659681019,
        0.0024940559529815216,
        0.8478231800236303,
        0.5302731702618212,
        37.201870362978156,
        0,
        0,
        0,
        1
      ],
      "fov": 50,
      "aspect": 1
    },
    {
      "camera_to_world": [
        0.6669803176738568,
        -0.3989212532443563,
        0.6292845854981935,
        28.171779295445816,
        0.7450723406547304,
        0.3547121580074183,
        -0.564842006363728,
        -22.466957565142508,
        0.0021125877408071096,
        0.8456010398950987,
        0.5338112197222581,
        37.38146728855829,
        0,
        0,
        0,
        1
      ],
      "fov": 50,
      "aspect": 1
    },
    {
      "camera_to_world": [
        0.660582304525633,
        -0.40441139087224204,
        0.6325207078668511,
        28.324556571879082,
        0.7507517319399244,
        0.353941041559214,
        -0.5577612178066729,
        -22.09333476310813,
        0.0016899517176274807,
        0.8433132075526608,
        0.5374197410129579,
        37.559402800553954,
        0,
        0,
        0,
        1
      ],
      "fov": 50,
      "aspect": 1
    },
    {
      "camera_to_world": [
        0.653482500923751,
        -0.41018969244616416,
        0.6361643161930423,
        28.492635381718966,
        0.7569405860453721,
        0.35273299838578615,
        -0.5501094264299258,
        -21.685266628748924,
        0.0012530697222118972,
        0.8410254740854727,
        0.5409940681334474,
        37.73002972971209,
        0,
        0,
        0,
        1
      ],
      "fov": 50,
      "aspect": 1
    },
    {
      "camera_to_world": [
        0.6454805121757946,
        -0.4162700410734975,
        0.6403703313754804,
        28.68428203316242,
        0.7637762883322619,
        0.3508848687708257,
        -0.5417800201641566,
        -21.23756160010673,
        0.0008305315571182079,
        0.8388081197582372,
        0.5444265317239633,
        37.88770090677962,
        0,
        0,
        0,
        1
      ],
      "fov": 50,
      "aspect": 1
    },
    {
      "camera_to_world": [
        0.6363651128171793,
        -0.42265811165675626,
        0.6452902942396728,
        28.90776283440643,
        0.7713878640433887,
        0.3481837779494652,
        -0.5326620128931817,
        -20.745028115223402,
        0.00045430799822765444,
        0.8367366236896664,
        0.5476053471074404,
        38.026769162503484,
        0,
        0,
        0,
        1
      ],
      "fov": 50,
      "aspect": 1
    },
    {
      "camera_to_world": [
        0.6259125249205139,
        -0.4293482566259425,
        0.6510711064698625,
        29.171344093647946,
        0.779893252237882,
        0.3444050234980587,
        -0.52263916319304,
        -20.202474612140822,
        0.00016205383871312207,
        0.8348923609193974,
        0.5504132260556499,
        38.14158732763062,
        0,
        0,
        0,
        1
      ],
      "fov": 50,
      "aspect": 1
    },
    {
      "camera_to_world": [
        0.6138848668441946,
        -0.4363192461754691,
        0.6578532402265386,
        29.483292119083934,
        0.7893955727388428,
        0.33930996269800545,
        -0.5115890723561174,
        -19.60470952890081,
        -1.6653345369377348e-16,
        0.8333632249090122,
        0.5527257325014382,
        38.22650823290796,
        0,
        0,
        0,
        1
      ],
      "fov": 50,
      "aspect": 1
    },
    {
      "camera_to_world": [
        0.6002343869801773,
        -0.44358430688103184,
        0.665546124153244,
        29.841996407108436,
        0.7998241545270919,
        0.33294360604382806,
        -0.4994295516181987,
        -18.93686420082827,
        -0.000050215073611165076,
        0.8320946568049854,
        0.5546336444852942,
        38.290611493884086,
        0,
        0,
        0,
        1
      ],
      "fov": 50,
      "aspect": 1
    },
    {
      "camera_to_world": [
        0.5851352531471627,
        -0.45110868129603615,
        0.6738825514759654,
        30.236723743382818,
        0.8109357143685382,
        0.3255531286126647,
        -0.4862082142581453,
        -18.19403407875756,
        -0.000051826581193098464,
        0.8309729948138249,
        0.5563127530482727,
        38.34708111309816,
        0,
        0,
        0,
        1
      ],
      "fov": 50,
      "aspect": 1
    },
    {
      "camera_to_world": [
        0.5686765855018464,
        -0.4587849964596019,
        0.6827322082086976,
        30.662056370005008,
        0.8225612079583404,
        0.31719678808150675,
        -0.47199497538945434,
        -17.385973773994685,
        -0.000016250450592697474,
        0.8300015208747143,
        0.557761127259317,
        38.396426501783,
        0,
        0,
        0,
        1
      ],
      "fov": 50,
      "aspect": 1
    },
    {
      "camera_to_world": [
        0.5509554762933955,
        -0.4665089442195672,
        0.6919663778721207,
        31.112576529072978,
        0.8345346373796529,
        0.30794067197055947,
        -0.4568637450705971,
        -16.52243789784563,
        0.000046431982106825975,
        0.8291814925029772,
        0.5589794721942891,
        38.43915707117143,
        0,
        0,
        0,
        1
      ],
      "fov": 50,
      "aspect": 1
    },
    {
      "camera_to_world": [
        0.5320774408332458,
        -0.4741818707090681,
        0.7014593006348925,
        31.582866462684645,
        0.8466956836940668,
        0.29785922605120535,
        -0.4408926180715819,
        -15.61318106161645,
        0.00012716202547255473,
        0.8285115780404193,
        0.5599719179412425,
        38.47578223249624,
        0,
        0,
        0,
        1
      ],
      "fov": 50,
      "aspect": 1
    },
    {
      "camera_to_world": [
        0.5121562664362362,
        -0.4817132897062597,
        0.7110894917452151,
        32.067508412937954,
        0.8588922583112266,
        0.28703516891654474,
        -0.4241637660362939,
        -14.667957876613153,
        0.00021763073367167535,
        0.8279873901971117,
        0.5607466757025316,
        38.50681139699028,
        0,
        0,
        0,
        1
      ],
      "fov": 50,
      "aspect": 1
    },
    {
      "camera_to_world": [
        0.491313281317846,
        -0.4890232142311968,
        0.7207409767341385,
        32.56108462193087,
        0.8709828720893951,
        0.2755588135259932,
        -0.4067630475043862,
        -13.696522954141715,
        0.0003100445126472396,
        0.8276011335366426,
        0.5613165485189835,
        38.532753975886344,
        0,
        0,
        0,
        1
      ],
      "fov": 50,
      "aspect": 1
    },
    {
      "camera_to_world": [
        0.4696761025613273,
        -0.4960441983966175,
        0.7303043967551193,
        33.0581773317613,
        0.8828387175079171,
        0.2635268552366601,
        -0.38877936601374896,
        -12.708630905508194,
        0.00039692792505258145,
        0.8273413744072837,
        0.5616992902275103,
        38.554119380417255,
        0,
        0,
        0,
        1
      ],
      "fov": 50,
      "aspect": 1
    },
    {
      "camera_to_world": [
        0.4473769555458875,
        -0.502722992836841,
        0.7396779381052693,
        33.55336878452721,
        0.8943453683234308,
        0.2510407207131809,
        -0.3703038194540179,
        -11.714036342018606,
        0.0004709616972506937,
        0.8271929333698254,
        0.56191781354403,
        38.571417021815826,
        0,
        0,
        0,
        1
      ],
      "fov": 50,
      "aspect": 1
    },
    {
      "camera_to_world": [
        0.4245506831160697,
        -0.5090217403633693,
        0.748768045060101,
        34.04124122232655,
        0.9054040214151249,
        0.23820459922236295,
        -0.35142869392614173,
        -10.72249387497892,
        0.0005248533118569487,
        0.8271368911774883,
        0.5620002560339639,
        38.58515631131489,
        0,
        0,
        0,
        1
      ],
      "fov": 50,
      "aspect": 1
    },
    {
      "camera_to_world": [
        0.40133257850471404,
        -0.5149186706291129,
        0.7574898838059192,
        34.516376887257245,
        0.9159322341573529,
        0.22512329407473214,
        -0.3322463617505269,
        -9.743758115695194,
        0.0005512370432660119,
        0.827150690686098,
        0.5619799204911446,
        38.59584666014723,
        0,
        0,
        0,
        1
      ],
      "fov": 50,
      "aspect": 1
    },
    {
      "camera_to_world": [
        0.3778561801334327,
        -0.5204082892448778,
        0.7657675362799017,
        34.97335802141723,
        0.9258641437707402,
        0.21190003572615437,
        -0.31284814549383033,
        -8.787583675473439,
        0.0005425998942364951,
        0.8272083095233473,
        0.5618951132025272,
        38.60399747954568,
        0,
        0,
        0,
        1
      ],
      "fov": 50,
      "aspect": 1
    },
    {
      "camera_to_world": [
        0.35425115900517723,
        -0.5255010933446673,
        0.7735339147296955,
        35.40676686690448,
        0.9351501884921603,
        0.19863438939236205,
        -0.29332320793588934,
        -7.863725165619636,
        0.0004912296470585277,
        0.8272804725389586,
        0.5617889091546316,
        38.61011818074307,
        0,
        0,
        0,
        1
      ],
      "fov": 50,
      "aspect": 1
    },
    {
      "camera_to_world": [
        0.3306414120731048,
        -0.5302228778059583,
        0.7807303993527286,
        35.81118566581692,
        0.9437563801958229,
        0.1854203707158504,
        -0.27375752220400085,
        -6.981937197439836,
        0.00038918116691699645,
        0.8273348693091356,
        0.5617088770557707,
        38.61471817497221,
        0,
        0,
        0,
        1
      ],
      "fov": 50,
      "aspect": 1
    },
    {
      "camera_to_world": [
