{
  "keyframes": [
    {
      "matrix": "[-0.997719774022859,-0.06749306781374755,6.938894117899716e-18,0,0.0014370918705424861,-0.021243885079938254,0.9997733766681445,0,-0.06747776536047798,0.9974935647140714,0.021292435767542573,0,-2.9643697738647155,55.73685455322262,7.974434852600089,1]",
      "fov": 50,
      "aspect": 1,
      "properties": "[[\"FOV\",50],[\"NAME\",\"Camera 0\"],[\"TIME\",0]]"
    },
    {
      "matrix": "[-0.9981510817719041,-0.060781851104975054,-3.4694469787831426e-18,0,0.0018142851309648862,-0.029793937387455633,0.9995544454129349,0,-0.060754769697135357,0.9977063546693286,0.029849126552636888,0,-2.7689132633897087,56.27993564026044,6.989770311766942,1]",
      "fov": 50,
      "aspect": 1,
      "properties": "[[\"FOV\",50],[\"NAME\",\"Camera 1\"],[\"TIME\",1]]"
    }
  ],
  "camera_type": "perspective",
  "render_height": 1080,
  "render_width": 1920,
  "camera_path": [
    {
      "camera_to_world": [
        -0.9977197432536138,
        0.0014370917465353003,
        -0.06747776440617559,
        -2.9643697738647155,
        -0.06749306573229058,
        -0.021243883246795547,
        0.9974935506070469,
        55.73685455322262,
        8.456776945386935e-18,
        0.9997732903973324,
        0.021292435466414836,
        7.974434852600089,
        0,
        0,
        0,
        1
      ],
      "fov": 50,
      "aspect": 1
    },
    {
      "camera_to_world": [
        -0.9977175257566607,
        0.0014352487014635098,
        -0.06751058331233806,
        -2.965324482738343,
        -0.06752583800240738,
        -0.02120211096984453,
        0.9974922213694174,
        55.73420186935124,
        2.8253641328216886e-7,
        0.9997741797784074,
        0.02125063406895963,
        7.979244454349322,
        0,
        0,
        0,
        1
      ],
      "fov": 50,
      "aspect": 1
    },
    {
      "camera_to_world": [
        -0.9977155983335636,
        0.0014336474672699065,
        -0.06753909606175384,
        -2.9661539295660733,
        -0.06755431031117169,
        -0.021165819338716984,
        0.9974910642457417,
        55.731897229389396,
        5.302323369377715e-7,
        0.9997749510498151,
        0.02121431717162891,
        7.98342301498047,
        0,
        0,
        0,
        1
      ],
      "fov": 50,
      "aspect": 1
    },
    {
      "camera_to_world": [
        -0.9977139567286036,
        0.001432284207618112,
        -0.06756337107414703,
        -2.9668601026343477,
        -0.06757855094926649,
        -0.02113492138414742,
        0.9974900774191606,
        55.72993510883058,
        7.427490431542989e-7,
        0.9997756066538304,
        0.02118339773062404,
        7.9869805510192124,
        0,
        0,
        0,
        1
      ],
      "fov": 50,
      "aspect": 1
    },
    {
      "camera_to_world": [
        -0.9977125966251476,
        0.001431155085832767,
        -0.06758347675745931,
        -2.9674449902296107,
        -0.06759862820101845,
        -0.02110933013240299,
        0.9974892589129476,
        55.72830998316831,
        9.199035880297533e-7,
        0.9997761489335908,
        0.02115778869996246,
        7.989927078991236,
        0,
        0,
        0,
        1
      ],
      "fov": 50,
      "aspect": 1
    },
    {
      "camera_to_world": [
        -0.9977115136485185,
        0.0014302562649161994,
        -0.06759948150835694,
        -2.9679105806383044,
        -0.06761461034462078,
        -0.021088958605530794,
        0.99748860659803,
        55.72701632789609,
        0.0000010616614842787109,
        0.9997765801377582,
        0.02113740303164034,
        7.9922726154222214,
        0,
        0,
        0,
        1
      ],
      "fov": 50,
      "aspect": 1
    },
    {
      "camera_to_world": [
        -0.9977107033688178,
        0.0014295839075646446,
        -0.06761145371274026,
        -2.968258862146872,
        -0.06762656565236963,
        -0.021073719821592604,
        0.9974881182003857,
        55.72604861850739,
        0.0000011681294933463433,
        0.9997769024251022,
        0.02112215367577905,
        7.994027176837857,
        0,
        0,
        0,
        1
      ],
      "fov": 50,
      "aspect": 1
    },
    {
      "camera_to_world": [
        -0.9977101613036992,
        0.0014291341761840568,
        -0.06761946174625452,
        -2.968491823041756,
        -0.0676345623909125,
        -0.021063526794888106,
        0.9974877913083201,
        55.725401330495735,
        0.0000012395485369269198,
        0.9997771178690115,
        0.021111953580756706,
        7.995200779763825,
        0,
        0,
        0,
        1
      ],
      "fov": 50,
      "aspect": 1
    },
    {
      "camera_to_world": [
        -0.9977098829210953,
        0.0014289032329055128,
        -0.06762357397480123,
        -2.968611451609399,
        -0.06763866882150707,
        -0.021058292536167124,
        0.9974876233796166,
        55.725068939354614,
        0.0000012762867278685863,
        0.999777228461927,
        0.021106715693325957,
        7.995803440725808,
        0,
        0,
        0,
        1
      ],
      "fov": 50,
      "aspect": 1
    },
    {
      "camera_to_world": [
        -0.9977098636418975,
        0.0014288872396002298,
        -0.06762385875504891,
        -2.968619736136244,
        -0.06763895320028898,
        -0.021057930052831887,
        0.9974876117485667,
        55.72504592057753,
        0.0000012788325204323226,
        0.9997772361197002,
        0.021106352958719328,
        7.995845176249491,
        0,
        0,
        0,
        1
      ],
      "fov": 50,
      "aspect": 1
    },
    {
      "camera_to_world": [
        -0.9977100988425872,
        0.001429082357894199,
        -0.06762038443494237,
        -2.968518664908734,
        -0.06763548377854678,
        -0.021062352349129666,
        0.997487753632877,
        55.725326749657974,
        0.000001247787979900307,
        0.9997771426858765,
        0.021110778320743116,
        7.995336002860558,
        0,
        0,
        0,
        1
      ],
      "fov": 50,
      "aspect": 1
    },
    {
      "camera_to_world": [
        -0.9977105838578197,
        0.0014294847491824732,
        -0.06761321935420993,
        -2.968310226213312,
        -0.06762832880300329,
        -0.02107147242633686,
        0.9974880461404534,
        55.72590590208946,
        0.000001183862171501163,
        0.9997769499359035,
        0.021119904721861087,
        7.994285937084693,
        0,
        0,
        0,
        1
      ],
      "fov": 50,
      "aspect": 1
    },
    {
      "camera_to_world": [
        -0.997711313982962,
        0.001430090574643084,
        -0.06760243184486744,
        -2.9679964083364196,
        -0.06761755651610152,
        -0.02108520328293483,
        0.9974884862760617,
        55.72677785336547,
        0.0000010878646686160974,
        0.9997766595812617,
        0.021133645103268834,
        7.992704995447578,
        0,
        0,
        0,
        1
      ],
      "fov": 50,
      "aspect": 1
    },
    {
      "camera_to_world": [
        -0.997712284476582,
        0.0014308959952506373,
        -0.06758809023171851,
        -2.967579199564501,
        -0.06760323515629416,
        -0.021103457914778283,
        0.9974890709478685,
        55.72793707897952,
        9.606991802750284e-7,
        0.9997762732735208,
        0.02115191240495997,
        7.9906031944749,
        0,
        0,
        0,
        1
      ],
      "fov": 50,
      "aspect": 1
    },
    {
      "camera_to_world": [
        -0.9977134905628917,
        0.0014318971717895742,
        -0.06757026283284999,
        -2.967060588183999,
        -0.06758543295833525,
        -0.0211261493152568,
        0.9974897969738556,
        55.729378054425105,
        8.033572978845967e-7,
        0.9997757926083223,
        0.021174619565784918,
        7.987990550692342,
        0,
        0,
        0,
        1
      ],
      "fov": 50,
      "aspect": 1
    },
    {
      "camera_to_world": [
        -0.9977149274341424,
        0.0014330902648671145,
        -0.06754901796012251,
        -2.9664425624813555,
        -0.06756421815357322,
        -0.02115319047544989,
        0.9974906610881155,
        55.73109525519572,
        6.16912361183289e-7,
        0.9997752191292811,
        0.021201679523503318,
        7.984877080625586,
        0,
        0,
        0,
        1
      ],
      "fov": 50,
      "aspect": 1
    },
    {
      "camera_to_world": [
        -0.9977165902529742,
        0.0014344714349258986,
        -0.06752442391965471,
        -2.965727110743014,
        -0.06753965897024385,
        -0.02118449438427624,
        0.997491659947022,
        55.73308315678486,
        4.025134434076234e-7,
        0.9997745543318177,
        0.021233005214830823,
        7.981272800800319,
        0,
        0,
        0,
        1
      ],
      "fov": 50,
      "aspect": 1
    },
    {
      "camera_to_world": [
        -0.9977184741547175,
        0.0014360368422563312,
        -0.0674965490123012,
        -2.964916221255417,
        -0.06751182363376251,
        -0.021219974028637727,
        0.9974927901352809,
        55.735336234686024,
        1.613794556210458e-7,
        0.9997737996669105,
        0.021268509575481154,
        7.977187727742223,
        0,
        0,
        0,
        1
      ],
      "fov": 50,
      "aspect": 1
    },
    {
      "camera_to_world": [
        -0.9977205742496482,
        0.0014377826470086336,
        -0.06746546153412321,
        -2.964011882305008,
        -0.06748078036701434,
        -0.021259542393558335,
        0.9974940481718552,
        55.73784896439273,
        -1.0520662978405655e-7,
        0.9997729565447729,
        0.02130810554020406,
        7.9726318779769825,
        0,
        0,
        0,
        1
      ],
      "fov": 50,
      "aspect": 1
    },
    {
      "camera_to_world": [
        -0.9977228856251961,
        0.0014397050092046235,
        -0.06743122977685141,
        -2.9630160821782288,
        -0.06744659739064175,
        -0.02130311246231888,
        0.9974954305157706,
        55.740615821398464,
        -3.959034364537251e-7,
        0.999772026338457,
        0.021351706042819982,
        7.967615268030278,
        0,
        0,
        0,
        1
      ],
      "fov": 50,
      "aspect": 1
    },
    {
      "camera_to_world": [
        -0.9977254033481066,
        0.001441800088749221,
        -0.06739392202834092,
        -2.961930809161523,
        -0.06740934292332838,
        -0.021350597216587514,
        0.9974969335717981,
        55.74363128119673,
        -7.09316722316989e-7,
        0.9997710103873781,
        0.021399224016252123,
        7.9621479144278,
        0,
        0,
        0,
        1
      ],
      "fov": 50,
      "aspect": 1
    },
    {
      "camera_to_world": [
        -0.9977281224665565,
        0.0014440640454416887,
        -0.06735360657301702,
        -2.9607580515413323,
        -0.06736908518207854,
        -0.021401909636546725,
        0.9974985536960135,
        55.746889819281016,
        -0.0000010440047987310321,
        0.9997699100007671,
        0.021450572392556395,
        7.9562398336952285,
        0,
        0,
        0,
        1
      ],
      "fov": 50,
      "aspect": 1
    },
    {
      "camera_to_world": [
        -0.9977310380122218,
        0.0014464930389866168,
        -0.0673103516923122,
        -2.9594997976041006,
        -0.06732589238249158,
        -0.021456962701016928,
        0.997500287201236,
        55.750385911144825,
        -0.0000013984838305356427,
        0.9997687264610429,
        0.021505664102949976,
        7.949901042358247,
        0,
        0,
        0,
        1
      ],
      "fov": 50,
      "aspect": 1
    },
    {
      "camera_to_world": [
        -0.9977341450023003,
        0.0014490832290046656,
        -0.06726422566509319,
        -2.958158035636271,
        -0.06727983273903033,
        -0.02151566938757731,
        0.9975021303623429,
        55.75411403228167,
        -0.0000017712330170407968,
        0.999767461027113,
        0.02156441207783898,
        7.943141556942542,
        0,
        0,
        0,
        1
      ],
      "fov": 50,
      "aspect": 1
    },
    {
      "camera_to_world": [
        -0.9977374384414869,
        0.001451830775043051,
        -0.0672152967680782,
        -2.9567347539242856,
        -0.06723097446528321,
        -0.021577942672683856,
        0.9975040794214642,
        55.75806865818504,
        -0.0000021606996539543125,
        0.9997661149375965,
        0.021626729246845673,
        7.935971393973794,
        0,
        0,
        0,
        1
      ],
      "fov": 50,
      "aspect": 1
    },
    {
      "camera_to_world": [
        -0.9977409133239039,
        0.0014547318365857997,
        -0.06716363327624392,
        -2.955231940754587,
        -0.06717938577421925,
        -0.02164369553178513,
        0.9975061305930535,
        55.76224426434843,
        -0.0000025653040762682344,
        0.9997646894139695,
        0.02169252853883583,
        7.928400569977689,
        0,
        0,
        0,
        1
      ],
      "fov": 50,
      "aspect": 1
    },
    {
      "camera_to_world": [
        -0.9977445646349826,
        0.0014577825730637739,
        -0.06710930346322137,
        -2.9536515844136186,
        -0.06712513487843524,
        -0.021712840939436,
        0.9975082800688377,
        55.766635326265344,
        -0.0000029834444820972,
        0.9997631856636394,
        0.02176172288194653,
        7.920439101479912,
        0,
        0,
        0,
        1
      ],
      "fov": 50,
      "aspect": 1
    },
    {
      "camera_to_world": [
        -0.9977483873533008,
        0.001460979143864458,
        -0.06705237560168109,
        -2.951995673187823,
        -0.0670682899903951,
        -0.02178529186940946,
        0.9975105240226436,
        55.77123631942928,
        -0.0000034135016375037427,
        0.9997616048829369,
        0.021834225203614888,
        7.912097005006145,
        0,
        0,
        0,
        1
      ],
      "fov": 50,
      "aspect": 1
    },
    {
      "camera_to_world": [
        -0.9977523764523727,
        0.0014643177083415357,
        -0.06699291796370721,
        -2.9502661953636435,
        -0.06700891932266075,
        -0.021860961294806983,
        0.9975128586151039,
        55.77604171933375,
        -0.00000385384346229963,
        0.9997599482600391,
        0.021909948430608003,
        7.903384297082071,
        0,
        0,
        0,
        1
      ],
      "fov": 50,
      "aspect": 1
    },
    {
      "camera_to_world": [
        -0.997756526902393,
        0.0014677944258242265,
        -0.06693099882115933,
        -2.948465139227522,
        -0.06694709108811353,
        -0.021939762188167244,
        0.9975152799982397,
        55.78104600147224,
        -0.000004302829496828945,
        0.9997582169778102,
        0.021988805489054474,
        7.894310994233378,
        0,
        0,
        0,
        1
      ],
      "fov": 50,
      "aspect": 1
    },
    {
      "camera_to_world": [
        -0.9977608336719348,
        0.0014714054556264286,
        -0.06686668644602328,
        -2.9465944930659016,
        -0.06688287350016683,
        -0.022021607521573845,
        0.997517784319922,
        55.786243641338245,
        -0.0000047588152497458555,
        0.9997564122165714,
        0.022070709304477788,
        7.884887112985747,
        0,
        0,
        0,
        1
      ],
      "fov": 50,
      "aspect": 1
    },
    {
      "camera_to_world": [
        -0.9977652917296014,
        0.0014751469570556278,
        -0.06680004911074962,
        -2.9446562451652256,
        -0.06681633477296878,
        -0.022106410266761776,
        0.9975203677282105,
        55.79162911442528,
        -0.000005220156426785595,
        0.9997545351567917,
        0.022155572801831776,
        7.8751226698648615,
        0,
        0,
        0,
        1
      ],
      "fov": 50,
      "aspect": 1
    },
    {
      "camera_to_world": [
        -0.997769896045631,
        0.0014790150894216096,
        -0.06673115508857998,
        -2.9426523838119367,
        -0.06674754312159514,
        -0.022194083395223076,
        0.9975230263755703,
        55.797196896226815,
        -0.000005685213040529944,
        0.9997525869817048,
        0.02224330890553845,
        7.8650276813964055,
        0,
        0,
        0,
        1
      ],
      "fov": 50,
      "aspect": 1
    },
    {
      "camera_to_world": [
        -0.9977746415934563,
        0.0014830060120449508,
        -0.06666007265386124,
        -2.9405848972924775,
        -0.0666765667622319,
        -0.022284539878311534,
        0.9975257564229676,
        55.8029414622364,
        -0.000006152353401166991,
        0.9997505688798481,
        0.022333830539528286,
        7.854612164106065,
        0,
        0,
        0,
        1
      ],
      "fov": 50,
      "aspect": 1
    },
    {
      "camera_to_world": [
        -0.9977795233512178,
        0.001487115884265316,
        -0.0665868700823471,
        -2.938455773893291,
        -0.06660347391234755,
        -0.02237769268734683,
        0.9975285540438419,
        55.80885728794749,
        -0.0000066199579882419285,
        0.9997484820475285,
        0.022427050627283254,
        7.843886134519523,
        0,
        0,
        0,
        1
      ],
      "fov": 50,
      "aspect": 1
    },
    {
      "camera_to_world": [
        -0.99778453630323,
        0.0014913408654495374,
        -0.06651161565148746,
        -2.9362670019008195,
        -0.06652833279085503,
        -0.022473454793717856,
        0.9975314154279573,
        55.8149388488536,
        -0.00000708642320340863,
        0.9997463276912087,
        0.022522882091882603,
        7.832859609162461,
        0,
        0,
        0,
        1
      ],
      "fov": 50,
      "aspect": 1
    },
    {
      "camera_to_world": [
        -0.9977896754414028,
        0.0014956771149994975,
        -0.06643437764070485,
        -2.9340205696015063,
        -0.06645121161826266,
        -0.02257173916898561,
        0.9975343367851315,
        55.821180620448224,
        -0.00000755016500415687,
        0.9997441070298214,
        0.02262123785605157,
        7.821542604560568,
        0,
        0,
        0,
        1
      ],
      "fov": 50,
      "aspect": 1
    },
    {
      "camera_to_world": [
        -0.9977949357666153,
        0.0015001207923598062,
        -0.06635522433165844,
        -2.9317184652817945,
        -0.06637217861681458,
        -0.02267245878498541,
        0.9975373143488422,
        55.827577078224856,
        -0.00000800962241852884,
        0.9997418212970044,
        0.022722030842213047,
        7.809945137239523,
        0,
        0,
        0,
        1
      ],
      "fov": 50,
      "aspect": 1
    },
    {
      "camera_to_world": [
        -0.9978003122900444,
        0.0015046680570252738,
        -0.0662742240084952,
        -2.929362677228126,
        -0.06629130201062014,
        -0.022775526613928752,
        0.9975403443797123,
        55.834122697677024,
        -0.0000084632609408141,
        0.9997394717432618,
        0.02282517397254232,
        7.798077223725011,
        0,
        0,
        0,
        1
      ],
      "fov": 50,
      "aspect": 1
    },
    {
      "camera_to_world": [
        -0.9978058000344477,
        0.001509315068548184,
        -0.06619144495808847,
        -2.9269551937269442,
        -0.06620865002577278,
        -0.022880855628504542,
        0.9975434231688725,
        55.8408119542982,
        -0.000008909575808210444,
        0.9997370596380488,
        0.022930580169024804,
        7.785948880542718,
        0,
        0,
        0,
        1
      ],
      "fov": 50,
      "aspect": 1
    },
    {
      "camera_to_world": [
        -0.997811394035399,
        0.0015140579865453609,
        -0.06610695547026392,
        -2.9244980030646923,
        -0.06612429089045788,
        -0.022988358801979875,
        0.9975465470412023,
        55.8476393235819,
        -0.000009347095158453427,
        0.9997345862717789,
        0.023038162353516817,
        7.7735701242183275,
        0,
        0,
        0,
        1
      ],
      "fov": 50,
      "aspect": 1
    },
    {
      "camera_to_world": [
        -0.9978170893424776,
        0.0015188929707050348,
        -0.06602082383801247,
        -2.9219930935278122,
        -0.06603829283504965,
        -0.02309794910830033,
        0.9975497123584481,
        55.854599281021606,
        -0.000009774383068397254,
        0.9997320529577581,
        0.023147833447809428,
        7.760950971277523,
        0,
        0,
        0,
        1
      ],
      "fov": 50,
      "aspect": 1
    },
    {
      "camera_to_world": [
        -0.9978228810204134,
        0.0015238161807935038,
        -0.065933118357691,
        -2.919442453402748,
        -0.0659507240921976,
        -0.02320953952218964,
        0.9975529155222207,
        55.861686302110826,
        -0.000010190042473541378,
        0.9997294610340414,
        0.023259506373695154,
        7.748101438245985,
        0,
        0,
        0,
        1
      ],
      "fov": 50,
      "aspect": 1
    },
    {
      "camera_to_world": [
        -0.9978287641501834,
        0.0015288237766615932,
        -0.06584390732921017,
        -2.916848070975941,
        -0.06586165289690223,
        -0.023323043019248847,
        0.9975561529768688,
        55.86889486234307,
        -0.000010592717968496528,
        0.9997268118652127,
        0.02337309405303765,
        7.735031541649403,
        0,
        0,
        0,
        1
      ],
      "fov": 50,
      "aspect": 1
    },
    {
      "camera_to_world": [
        -0.9978347338300637,
        0.0015339119182509022,
        -0.06575325905620992,
        -2.914211934533835,
        -0.06577114748658017,
        -0.02343837257605473,
        0.9975594212122325,
        55.876219437211816,
        -0.00001098109848837758,
        0.9997241068440897,
        0.023488509407844135,
        7.721751298013459,
        0,
        0,
        0,
        1
      ],
      "fov": 50,
      "aspect": 1
    },
    {
      "camera_to_world": [
        -0.9978407851766341,
        0.0015390767655998501,
        -0.06566124184622238,
        -2.9115360323628727,
        -0.06567927610111897,
        -0.023555441170257534,
        0.9975627167662732,
        55.88365450221058,
        -0.000011353919871108294,
        0.9997213473933543,
        0.023605665360340443,
        7.7082707238638335,
        0,
        0,
        0,
        1
      ],
      "fov": 50,
      "aspect": 1
    },
    {
      "camera_to_world": [
        -0.9978469133257373,
        0.0015443144788495119,
        -0.06556792401082265,
        -2.9088223527494974,
        -0.0655861069829218,
        -0.023674161780677907,
        0.9975660362275808,
        55.891194532832856,
        -0.000011709967300641217,
        0.9997185349671039,
        0.023724474833048688,
        7.6945998357262155,
        0,
        0,
        0,
        1
      ],
      "fov": 50,
      "aspect": 1
    },
    {
      "camera_to_world": [
        -0.9978531134333918,
        0.0015496212182492409,
        -0.06547337386576738,
        -2.9060728839801504,
        -0.06549170837694207,
        -0.023794447387402863,
        0.9975693762377621,
        55.89883400457214,
        -0.000012048077631063216,
        0.9997156710523287,
        0.02384485074886728,
        7.680748650126287,
        0,
        0,
        0,
        1
      ],
      "fov": 50,
      "aspect": 1
    },
    {
      "camera_to_world": [
        -0.997859380676658,
        0.0015549931441620772,
        -0.06537765973112097,
        -2.9032896143412756,
        -0.06539614853070812,
        -0.023916210971880757,
        0.9975727334937027,
        55.90656739292194,
        -0.00001236714159159164,
        0.9997127571703135,
        0.02396670603115308,
        7.66672718358973,
        0,
        0,
        0,
        1
      ],
      "fov": 50,
      "aspect": 1
    },
    {
      "camera_to_world": [
        -0.9978657102544586,
        0.0015604264170699482,
        -0.0652808499313705,
        -2.900474532119316,
        -0.06529949569433878,
        -0.02403936551701516,
        0.99757610474971,
        55.914389173375746,
        -0.000012666105872444214,
        0.9997097948779616,
        0.024089953603805662,
        7.652545452642231,
        0,
        0,
        0,
        1
      ],
      "fov": 50,
      "aspect": 1
    },
    {
      "camera_to_world": [
        -0.9978720973883518,
        0.0015659171975786436,
        -0.06518301279552823,
        -2.897629625600714,
        -0.06520181812054919,
        -0.02416382400725739,
        0.9975794868195321,
        55.92229382142707,
        -0.000012943975091567455,
        0.9997067857690457,
        0.024214506391353304,
        7.638213473809475,
        0,
        0,
        0,
        1
      ],
      "fov": 50,
      "aspect": 1
    },
    {
      "camera_to_world": [
        -0.9978785373232605,
        0.0015714616464225712,
        -0.06508421665722297,
        -2.8947568830719126,
        -0.065103184064648,
        -0.024289499428697712,
        0.9975828765782561,
        55.930275812569384,
        -0.000013199813642224542,
        0.999703731475379,
        0.02434027731904063,
        7.62374126361714,
        0,
        0,
        0,
        1
      ],
      "fov": 50,
      "aspect": 1
    },
    {
      "camera_to_world": [
        -0.9978850253281509,
        0.0015770559244692947,
        -0.06498452985478004,
        -2.891858292819354,
        -0.06500366178452564,
        -0.024416304769154944,
        0.9975862709640818,
        55.938329622296216,
        -0.000013432747421421266,
        0.9997006336679152,
        0.02446717931291751,
        7.609138838590916,
        0,
        0,
        0,
        1
      ],
      "fov": 50,
      "aspect": 1
    },
    {
      "camera_to_world": [
        -0.99789155669667,
        0.001582696192723839,
        -0.06488402073128978,
        -2.888935843129482,
        -0.06490331954063432,
        -0.024544153018264337,
        0.9975896669799773,
        55.946449726101065,
        -0.000013641965439159173,
        0.9996974940577664,
        0.02459512529992916,
        7.594416215256485,
        0,
        0,
        0,
        1
      ],
      "fov": 50,
      "aspect": 1
    },
    {
      "camera_to_world": [
        -0.9978981267477318,
        0.0015883786123327666,
        -0.06478275763466541,
        -2.885991522288739,
        -0.06480222559596001,
        -0.02467295716756365,
        0.9975930616952075,
        55.95463059947741,
        -0.000013826721308527216,
        0.9996943143971518,
        0.02472402820800698,
        7.5795834101395325,
        0,
        0,
        0,
        1
      ],
      "fov": 50,
      "aspect": 1
    },
    {
      "camera_to_world": [
        -0.9979047308260609,
        0.0015940993445880292,
        -0.06468080891768986,
        -2.8830273185835678,
        -0.06470044821598664,
        -0.024802630210577183,
        0.9975964522467428,
        55.962866717918764,
        -0.000013986334616588898,
        0.9996910964802663,
        0.02485380096616,
        7.564650439765737,
        0,
        0,
        0,
        1
      ],
      "fov": 50,
      "aspect": 1
    },
    {
      "camera_to_world": [
        -0.997911364302687,
        0.0015998545509305706,
        -0.06457824293805214,
        -2.8800452203004108,
        -0.06459805566865298,
        -0.02493308514289747,
        0.9975998358405471,
        55.971152556918625,
        -0.000014120192176081753,
        0.9996878421440729,
        0.024984356504566624,
        7.54962732066079,
        0,
        0,
        0,
        1
      ],
      "fov": 50,
      "aspect": 1
    },
    {
      "camera_to_world": [
        -0.9979180225753943,
        0.001605640392953699,
        -0.06447512805837362,
        -2.8770472157257116,
        -0.06449511622430272,
        -0.025064234962264762,
        0.9976032097527404,
        55.97948259197049,
        -0.000014227749157924187,
        0.9996845532690223,
        0.025115607754666296,
        7.534524069350368,
        0,
        0,
        0,
        1
      ],
      "fov": 50,
      "aspect": 1
    },
    {
      "camera_to_world": [
        -0.9979247010691241,
        0.0016114530324062135,
        -0.06437153264622374,
        -2.874035293145913,
        -0.0643916981556277,
        -0.025195992668643787,
        0.9976065713306403,
        55.987851298567854,
        -0.000014308530104491542,
        0.9996812317796939,
        0.02524746764925086,
        7.51935070236016,
        0,
        0,
        0,
        1
      ],
      "fov": 50,
      "aspect": 1
    },
    {
      "camera_to_world": [
        -0.9979313952363309,
        0.0016172886311952833,
        -0.06426752507412639,
        -2.871011440847457,
        -0.06428786973760513,
        -0.025328271264297784,
        0.997609917993683,
        55.99625315220423,
        -0.000014362129823690395,
        0.9996778796453614,
        0.025379849122555347,
        7.504117236215849,
        0,
        0,
        0,
        1
      ],
      "fov": 50,
      "aspect": 1
    },
    {
      "camera_to_world": [
        -0.9979381005572916,
        0.0016231433513890733,
        -0.06416317371955652,
        -2.8679776471167875,
        -0.06418369924742917,
        -0.025460983753859547,
        0.9976132472342182,
        56.004682628373104,
        -0.000014388214163811195,
        0.999674498880484,
        0.025512665110347676,
        7.488833687443118,
        0,
        0,
        0,
        1
      ],
      "fov": 50,
      "aspect": 1
    },
    {
      "camera_to_world": [
        -0.9979448125403683,
        0.001629013355219123,
        -0.06405854696492722,
        -2.864935900240346,
        -0.06407925496443674,
        -0.025594043144399326,
        0.9976165566181856,
        56.01313420256798,
        -0.000014386520669139006,
        0.9996710915451198,
        0.025645828550017246,
        7.47351007256765,
        0,
        0,
        0,
        1
      ],
      "fov": 50,
      "aspect": 1
    },
    {
      "camera_to_world": [
        -0.9979515267222249,
        0.0016348948050824536,
        -0.06395371319756812,
        -2.861888188504576,
        -0.06397460517002884,
        -0.025727362445489264,
        0.9976198437856664,
        56.02160235028237,
        -0.000014356859116350417,
        0.999667659745265,
        0.025779252380661727,
        7.458156408115131,
        0,
        0,
        0,
        1
      ],
      "fov": 50,
      "aspect": 1
    },
    {
      "camera_to_world": [
        -0.9979582386679965,
        0.001640783863543428,
        -0.06384874080969472,
        -2.858836500195921,
        -0.06386981814758705,
        -0.025860854669264355,
        0.9976231064513137,
        56.03008154700975,
        -0.000014299111931660294,
        0.9996642056331158,
        0.025912849543172092,
        7.442782710611246,
        0,
        0,
        0,
        1
      ],
      "fov": 50,
      "aspect": 1
    },
    {
      "camera_to_world": [
        -0.9979649439714117,
        0.0016466766933353296,
        -0.06374369819836927,
        -2.8557828236008227,
        -0.06376496218238606,
        -0.025994432830479492,
        0.9976263424046603,
        56.038566268243635,
        -0.00001421323448874104,
        0.9996607314072556,
        0.026046532980315236,
        7.427398996581675,
        0,
        0,
        0,
        1
      ],
      "fov": 50,
      "aspect": 1
    },
    {
      "camera_to_world": [
        -0.9979716382548701,
        0.0016525694573616783,
        -0.06363865376545326,
        -2.852729147005724,
        -0.06366010556150252,
        -0.026128009946562617,
        0.9976295495103032,
        56.04705098947751,
        -0.0000140992552874,
        0.9996572393127661,
        0.026180215636813994,
        7.412015282552104,
        0,
        0,
        0,
        1
      ],
      "fov": 50,
      "aspect": 1
    },
    {
      "camera_to_world": [
        -0.9979783171694707,
        0.0016584583186972713,
        -0.06353367591755227,
        -2.849677458697069,
        -0.06355531657372075,
        -0.02626149903766353,
        0.9976327257079675,
        56.05553018620489,
        -0.000013957276013013652,
        0.9996537316412618,
        0.026313810459424245,
        7.396641585048218,
        0,
        0,
        0,
        1
      ],
      "fov": 50,
      "aspect": 1
    },
    {
      "camera_to_world": [
        -0.9979849763949948,
        0.0016643394405889418,
        -0.06342883306595257,
        -2.8466297469612996,
        -0.0634506635094355,
        -0.026394813126698363,
        0.9976358690124463,
        56.06399833391927,
        -0.000013787471476726284,
        0.9996502107308503,
        0.026447230397008647,
        7.3812879205957,
        0,
        0,
        0,
        1
      ],
      "fov": 50,
      "aspect": 1
    },
    {
      "camera_to_world": [
        -0.997991611639842,
        0.001670208986456035,
        -0.06332419362655065,
        -2.843588000084858,
        -0.06334621466055243,
        -0.026527865239389346,
        0.9976389775134189,
        56.07244990811415,
        -0.000013590089436410714,
        0.9996466789660146,
        0.02658038840060674,
        7.36596430572023,
        0,
        0,
        0,
        1
      ],
      "fov": 50,
      "aspect": 1
    },
    {
      "camera_to_world": [
        -0.9979982186409191,
        0.0016760631198905998,
        -0.0632198260197755,
        -2.840554206354188,
        -0.06324203832038686,
        -0.026660568404299752,
        0.9976420493751466,
        56.08087938428304,
        -0.000013365450298393837,
        0.9996431387774227,
        0.02671319742350103,
        7.3506807569475,
        0,
        0,
        0,
        1
      ],
      "fov": 50,
      "aspect": 1
    },
    {
      "camera_to_world": [
        -0.9980047931634829,
        0.0016818980046572874,
        -0.06311579867050386,
        -2.8375303540557324,
        -0.06313820278356083,
        -0.02679283565286375,
        0.9976450828360458,
        56.0892812379194,
        -0.000013113946699946658,
        0.9996395926416585,
        0.026845570421278792,
        7.335447290803189,
        0,
        0,
        0,
        1
      ],
      "fov": 50,
      "aspect": 1
    },
    {
      "camera_to_world": [
        -0.9980113310009354,
        0.0016877098046929502,
        -0.06301218000796881,
        -2.8345184314759333,
        -0.06303477634589912,
        -0.02692458001941093,
        0.997648076208139,
        56.09764994451677,
        -0.000012836042972546105,
        0.9996360430808774,
        0.02697742035188909,
        7.32027392381298,
        0,
        0,
        0,
        1
      ],
      "fov": 50,
      "aspect": 1
    },
    {
      "camera_to_world": [
        -0.9980178279745712,
        0.001693494684105949,
        -0.06290903846566209,
        -2.831520426901234,
        -0.06293182730432467,
        -0.02705571454118546,
        0.9976510278763835,
        56.105979979568644,
        -0.00001253227448591793,
        0.9996324926623888,
        0.027108660175694882,
        7.30517067250256,
        0,
        0,
        0,
        1
      ],
      "fov": 50,
      "aspect": 1
    },
    {
      "camera_to_world": [
        -0.9980242799332807,
        0.0016992488071751553,
        -0.06280644248123025,
        -2.8285383286180776,
        -0.06282942395675402,
        -0.027186152258359454,
        0.9976539362978767,
        56.1142658185685,
        -0.000012203246872855839,
        0.9996289439981599,
        0.027239202855519742,
        7.2901475533976114,
        0,
        0,
        0,
        1
      ],
      "fov": 50,
      "aspect": 1
    },
    {
      "camera_to_world": [
        -0.9980306827532034,
        0.0017049683383486393,
        -0.06270446049636494,
        -2.825574124912906,
        -0.0627276346019927,
        -0.02731580621404047,
        0.9976568000009403,
        56.12250193700986,
        -0.000011849635134836845,
        0.9996253997442451,
        0.027368961356688908,
        7.275214583023816,
        0,
        0,
        0,
        1
      ],
      "fov": 50,
      "aspect": 1
    },
    {
      "camera_to_world": [
        -0.9980370323373361,
        0.001710649442242054,
        -0.06260316095668729,
        -2.8226298040721627,
        -0.06262652753963102,
        -0.02744458945427292,
        0.9976596175840808,
        56.1306828103862,
        -0.000011472182628421281,
        0.9996218626001396,
        0.02749784864706432,
        7.260381777906862,
        0,
        0,
        0,
        1
      ],
      "fov": 50,
      "aspect": 1
    },
    {
      "camera_to_world": [
        -0.998043324615094,
        0.0017162882836367055,
        -0.06250261231162753,
        -2.819707354382291,
        -0.06252617106994177,
        -0.0275724150280332,
        0.9976623877148293,
        56.13880291419104,
        -0.000011071699932469923,
        0.9996183353080561,
        0.027625777697073445,
        7.245659154572432,
        0,
        0,
        0,
        1
      ],
      "fov": 50,
      "aspect": 1
    },
    {
      "camera_to_world": [
        -0.9980495555418234,
        0.0017218810274773001,
        -0.06240288301429876,
        -2.816808764129733,
        -0.062426633493778035,
        -0.02769919598721841,
        0.9976651091284565,
        56.14685672391788,
        -0.00001064906359616474,
        0.9996148206521294,
        0.027752661479731402,
        7.231056729546209,
        0,
        0,
        0,
        1
      ],
      "fov": 50,
      "aspect": 1
    },
    {
      "camera_to_world": [
        -0.9980557210982686,
        0.0017274238388693712,
        -0.06230404152136646,
        -2.8139360216009313,
        -0.06232798311247399,
        -0.027824845386628272,
        0.9976677806265677,
        56.1548387150602,
        -0.000010205214767858774,
        0.9996113214575408,
        0.027878412970656245,
        7.216584519353875,
        0,
        0,
        0,
        1
      ],
      "fov": 50,
      "aspect": 1
    },
    {
      "camera_to_world": [
        -0.9980618172899921,
        0.0017329128830763847,
        -0.06220615629291274,
        -2.8110911150823292,
        -0.06223028822774701,
        -0.02794927628394039,
        0.9976704010755733,
        56.162743363111524,
        -0.000009741157704750696,
        0.9996078405895702,
        0.028002945148077038,
        7.202252540521117,
        0,
        0,
        0,
        1
      ],
      "fov": 50,
      "aspect": 1
    },
    {
      "camera_to_world": [
        -0.9980678401467463,
        0.0017383443255165132,
        -0.06210929579229656,
        -2.8082760328603693,
        -0.06213361714160261,
        -0.02807240173967845,
        0.9976729694050385,
        56.17056514356532,
        -0.000009257958163410738,
        0.9996043809525708,
        0.02812617099283455,
        7.1880708095736185,
        0,
        0,
        0,
        1
      ],
      "fov": 50,
      "aspect": 1
    },
    {
      "camera_to_world": [
        -0.9980737857217993,
        0.0017437143317590733,
        -0.06201352848600944,
        -2.805492763221495,
        -0.062038038156242176,
        -0.028194134817173137,
        0.9976754846059093,
        56.17829853191512,
        -0.00000875674167115435,
        0.9996009454888688,
