{
  "keyframes": [
    {
      "matrix": "[0.693631187207565,-0.7203302936619701,5.551115000540829e-17,0,0.20968831278497418,0.20191619680630382,0.9566926030481859,0,-0.6891346455247103,-0.6635918085453769,0.2911002075564497,0,-12.08588027954101,-11.560071945190426,7.35053300857544,1]",
      "fov": 50,
      "aspect": 1,
      "properties": "[[\"FOV\",50],[\"NAME\",\"Camera 0\"],[\"TIME\",0]]"
    },
    {
      "matrix": "[0.9192173861826309,-0.3937503686013365,5.551115000540829e-17,0,0.11728982287597843,0.27381522153961685,0.9546037909422825,0,-0.37587558463951226,-0.8774883784096802,0.297878615375886,0,-5.953230852457185,-14.51067475790754,7.149512632382624,1]",
      "fov": 50,
      "aspect": 1,
      "properties": "[[\"FOV\",50],[\"NAME\",\"Camera 1\"],[\"TIME\",0.2]]"
    },
    {
      "matrix": "[0.992788076204076,0.11988240730451774,-1.3877787501352073e-17,0,-0.03190350993710035,0.26420410606334144,0.9639390189070102,0,0.11555932703390324,-0.9569871389219514,0.2661233487386056,0,2.437578651272838,-15.21780681492928,6.4177215988097975,1]",
      "fov": 50,
      "aspect": 1,
      "properties": "[[\"FOV\",50],[\"NAME\",\"Camera 2\"],[\"TIME\",0.4]]"
    },
    {
      "matrix": "[0.8839085395627515,0.4676597582881813,-2.7755575002704146e-17,0,-0.11804792782571825,0.22311855923797738,0.967617109727845,0,0.45251557171750867,-0.8552850037606816,0.252422658582124,0,8.06293767016583,-13.51992754337185,6.188993678930492,1]",
      "fov": 50,
      "aspect": 1,
      "properties": "[[\"FOV\",50],[\"NAME\",\"Camera 3\"],[\"TIME\",0.6000000000000001]]"
    },
    {
      "matrix": "[0.5602937202001816,0.8282939713280285,5.551115000540829e-17,0,-0.2166504637680003,0.14655170571028392,0.9651866399204674,0,0.7994582539699029,-0.5407879989073887,0.2615622665208741,0,13.931327802746077,-8.200342452182413,6.343586318542342,1]",
      "fov": 50,
      "aspect": 1,
      "properties": "[[\"FOV\",50],[\"NAME\",\"Camera 4\"],[\"TIME\",0.8]]"
    },
    {
      "matrix": "[0.008388464548660999,0.9999647941285891,-1.1102230001081658e-16,0,-0.2569863061454334,0.00215579641528419,0.9664126793321713,0,0.9663786304472058,-0.008106718286171067,0.25699533576314476,0,15.354700820317206,0.526826908044645,5.84271283658384,1]",
      "fov": 50,
      "aspect": 1,
      "properties": "[[\"FOV\",50],[\"NAME\",\"Camera 5\"],[\"TIME\",1]]"
    }
  ],
  "camera_type": "perspective",
  "render_height": 1080,
  "render_width": 1920,
  "camera_path": [
    {
      "camera_to_world": [
        0.6936312025249827,
        0.20968830484004747,
        -0.6891346528052801,
        -12.08588027954101,
        -0.7203303095689828,
        0.20191618915585655,
        -0.6635918155560917,
        -11.560071945190426,
        1.3877787807814454e-16,
        0.9566925667998492,
        0.29110021063186525,
        7.35053300857544,
        0,
        0,
        0,
        1
      ],
      "fov": 50,
      "aspect": 1
    },
    {
      "camera_to_world": [
        0.7081168572274202,
        0.2063896683784564,
        -0.6752583367104712,
        -11.76937475867056,
        -0.7060952398069543,
        0.2072105458836502,
        -0.6771213347669376,
        -11.716633592500594,
        0.00016980082773640495,
        0.9562777287280252,
        0.2924600429228724,
        7.3407456061048775,
        0,
        0,
        0,
        1
      ],
      "fov": 50,
      "aspect": 1
    },
    {
      "camera_to_world": [
        0.7223588089565963,
        0.2028048565548923,
        -0.661111141397993,
        -11.45803775604195,
        -0.6915183335475635,
        0.21237685637941128,
        -0.6904335342681435,
        -11.878330136865117,
        0.00038143204957208365,
        0.9559112202668972,
        0.2936555694643694,
        7.332173041259546,
        0,
        0,
        0,
        1
      ],
      "fov": 50,
      "aspect": 1
    },
    {
      "camera_to_world": [
        0.7363241642071119,
        0.19896243378895057,
        -0.6467152968234752,
        -11.150912138647422,
        -0.676628657921093,
        0.2173915897304924,
        -0.7035016389421916,
        -12.04421067142208,
        0.0006200682210285302,
        0.955591359659152,
        0.29469436516529207,
        7.3245903441088425,
        0,
        0,
        0,
        1
      ],
      "fov": 50,
      "aspect": 1
    },
    {
      "camera_to_world": [
        0.7499873910704608,
        0.19489083379793415,
        -0.632088978021979,
        -10.847040773479238,
        -0.6614515500840624,
        0.22223632635529872,
        -0.7163050063621588,
        -12.213324289309563,
        0.0008718524617241374,
        0.9553159572359541,
        0.2955852867171128,
        7.317772544722174,
        0,
        0,
        0,
        1
      ],
      "fov": 50,
      "aspect": 1
    },
    {
      "camera_to_world": [
        0.7633300159651925,
        0.190617591728755,
        -0.6172456726864181,
        -10.545466527529646,
        -0.6460077580648724,
        0.22689756455632368,
        -0.7288288356798228,
        -12.384720083665648,
        0.0011239424257176445,
        0.9550824199627688,
        0.2963381646556601,
        7.311494673168939,
        0,
        0,
        0,
        1
      ],
      "fov": 50,
      "aspect": 1
    },
    {
      "camera_to_world": [
        0.7763401542560319,
        0.18616865287199968,
        -0.6021936545477259,
        -10.2452322677909,
        -0.6303127024858657,
        0.23136640691857277,
        -0.741063750857208,
        -12.55744714762842,
        0.0013645419325139798,
        0.954887856471855,
        0.2969634987467318,
        7.305531759518543,
        0,
        0,
        0,
        1
      ],
      "fov": 50,
      "aspect": 1
    },
    {
      "camera_to_world": [
        0.7890119113288655,
        0.18156776967625687,
        -0.5869355576176658,
        -9.945380861255257,
        -0.6143758606434151,
        0.235638154771998,
        -0.7530052867505718,
        -12.730554574335956,
        0.0015829212973688949,
        0.9547291788933853,
        0.2974721656386168,
        7.299658833840384,
        0,
        0,
        0,
        1
      ],
      "fov": 50,
      "aspect": 1
    },
    {
      "camera_to_world": [
        0.8013446893308811,
        0.1768359904854692,
        -0.5714680405326414,
        -9.64495517491496,
        -0.598200265796047,
        0.23971183841110622,
        -0.7646533047905478,
        -12.903091456926346,
        0.0017694300586481582,
        0.9546031987137853,
        0.2978751451911973,
        7.293650926203868,
        0,
        0,
        0,
        1
      ],
      "fov": 50,
      "aspect": 1
    },
    {
      "camera_to_world": [
        0.8133424310313219,
        0.17199123627325213,
        -0.555781525897774,
        -9.34299807576227,
        -0.581782107596902,
        0.2435897081523218,
        -0.776011361619386,
        -13.074106888537665,
        0.0019155062428829477,
        0.9545067148676666,
        0.2981832693300689,
        7.287283066678395,
        0,
        0,
        0,
        1
      ],
      "fov": 50,
      "aspect": 1
    },
    {
      "camera_to_world": [
        0.8250128267898781,
        0.16704795597924857,
        -0.5398599966985235,
        -9.038552430789439,
        -0.5651104146081398,
        0.2472767071826978,
        -0.7870860495436942,
        -13.242649962307997,
        0.0020136865672172877,
        0.9544365932255727,
        0.2984069948549659,
        7.280330285333367,
        0,
        0,
        0,
        1
      ],
      "fov": 50,
      "aspect": 1
    },
    {
      "camera_to_world": [
        0.8363665040830942,
        0.1620168469730052,
        -0.5236808304155781,
        -8.730661106988716,
        -0.5481667967317136,
        0.25077994207034565,
        -0.7978863224896677,
        -13.407769771375426,
        0.0020576221023068113,
        0.954389837515111,
        0.2985561994653003,
        7.272567612238186,
        0,
        0,
        0,
        1
      ],
      "fov": 50,
      "aspect": 1
    },
    {
      "camera_to_world": [
        0.8474162119758005,
        0.15690462461727184,
        -0.5072146512614736,
        -8.418366971352356,
        -0.5309252240118119,
        0.2541081612422948,
        -0.8084228156713957,
        -13.56851540887803,
        0.0020421039622465498,
        0.9543636524741357,
        0.2986399984054957,
        7.2637700774622544,
        0,
        0,
        0,
        1
      ],
      "fov": 50,
      "aspect": 1
    },
    {
      "camera_to_world": [
        0.8581760057322901,
        0.15171382370171213,
        -0.4904251817384363,
        -8.10071289087261,
        -0.5133518183561788,
        0.2572712460407674,
        -0.8187071616585723,
        -13.723935967953897,
        0.001963103608419559,
        0.9543555006696597,
        0.2986665775840776,
        7.253712711074976,
        0,
        0,
        0,
        1
      ],
      "fov": 50,
      "aspect": 1
    },
    {
      "camera_to_world": [
        0.8686604296832094,
        0.14644261444849505,
        -0.4732690762938897,
        -7.776741732541731,
        -0.4954046360178059,
        0.26027971335727207,
        -0.8287513001055996,
        -13.873080541741107,
        0.0018178324035812016,
        0.9543631549301063,
        0.29864303775110307,
        7.2421705431457495,
        0,
        0,
        0,
        1
      ],
      "fov": 50,
      "aspect": 1
    },
    {
      "camera_to_world": [
        0.8788836895946346,
        0.14108461663898067,
        -0.45569572206940223,
        -7.445496363351973,
        -0.47703342094729356,
        0.2631442233951789,
        -0.8385667731272629,
        -14.014998223377738,
        0.0016048251756111687,
        0.9543847487473698,
        0.29857524327139995,
        7.2289186037439785,
        0,
        0,
        0,
        1
      ],
      "fov": 50,
      "aspect": 1
    },
    {
      "camera_to_world": [
        0.8888587990961379,
        0.13562869701412827,
        -0.43764699452369343,
        -7.106019650295588,
        -0.45817931222786906,
        0.26587508078866917,
        -0.8481639931416657,
        -14.148738106001876,
        0.0013240527818011028,
        0.9544188273299454,
        0.29846766813570036,
        7.213731922939066,
        0,
        0,
        0,
        1
      ],
      "fov": 50,
      "aspect": 1
    },
    {
      "camera_to_world": [
        0.8985966780893343,
        0.13005873738834775,
        -0.41905695908284646,
        -6.75735446036483,
        -0.4387744927214088,
        0.26848171197946996,
        -0.8575514648519023,
        -14.273349282751603,
        0.0009770690273068346,
        0.9544644022495138,
        0.2983232310340483,
        7.196385530800413,
        0,
        0,
        0,
        1
      ],
      "fov": 50,
      "aspect": 1
    },
    {
      "camera_to_world": [
        0.908105174289275,
        0.12435336393691304,
        -0.3998515140731861,
        -6.398543660551948,
        -0.41874177092297266,
        0.2709720962272996,
        -0.8667349377696019,
        -14.387880846765002,
        0.0005671977947698527,
        0.9545210128351059,
        0.298143110507194,
        7.176654457397421,
        0,
        0,
        0,
        1
      ],
      "fov": 50,
      "aspect": 1
    },
    {
      "camera_to_world": [
        0.9173879719349048,
        0.11848563207407455,
        -0.37994797530868546,
        -6.028630117849199,
        -0.3979940941719268,
        0.2733521216748922,
        -0.8757164601514021,
        -14.491381891180154,
        0.00009976687799873043,
        0.9545887976337465,
        0.2979265303371422,
        7.154313732799494,
        0,
        0,
        0,
        1
      ],
      "fov": 50,
      "aspect": 1
    },
    {
      "camera_to_world": [
        0.9265099897911059,
        0.11235444317010562,
        -0.3591040488733322,
        -5.644519508819222,
        -0.37626994052610574,
        0.27560827571420937,
        -0.8845682620433095,
        -14.585064493874308,
        -0.0004131268158538566,
        0.9546813905475354,
        0.29762942036777573,
        7.1287582904939955,
        0,
        0,
        0,
        1
      ],
      "fov": 50,
      "aspect": 1
    },
    {
      "camera_to_world": [
        0.9355381844168514,
        0.10580713395089043,
        -0.3370061659719589,
        -5.242513410225719,
        -0.35322431084851097,
        0.2776846225571388,
        -0.8933777681478838,
        -14.672915420012643,
        -0.00094431118581878,
        0.9548277859385942,
        0.2971582196002437,
        7.099337320883972,
        0,
        0,
        0,
        1
      ],
      "fov": 50,
      "aspect": 1
    },
    {
      "camera_to_world": [
        0.9443528903304316,
        0.09885263487978382,
        -0.3137288241489521,
        -4.82458695527449,
        -0.3289307847867385,
        0.2795391441518305,
        -0.9020323750877475,
        -14.754995503407558,
        -0.0014687900259350985,
        0.9550319489232737,
        0.29649927350952054,
        7.06646084270098,
        0,
        0,
        0,
        1
      ],
      "fov": 50,
      "aspect": 1
    },
    {
      "camera_to_world": [
        0.9528329206682541,
        0.0915120709725647,
        -0.28936994687962475,
        -4.392869427684695,
        -0.3034889967640453,
        0.28113138319075553,
        -0.9104172528178527,
        -14.831236274238865,
        -0.001963194834410348,
        0.9552961249013653,
        0.29564414354841745,
        7.030567051818311,
        0,
        0,
        0,
        1
      ],
      "fov": 50,
      "aspect": 1
    },
    {
      "camera_to_world": [
        0.9608628295451226,
        0.08381492710213155,
        -0.2640410589158536,
        -3.9494901111754976,
        -0.2770141381659913,
        0.28242306121333405,
        -0.9184227685282211,
        -14.901569262686381,
        -0.0024062532481050336,
        0.9556214064627027,
        0.29458774152288175,
        6.992094144109258,
        0,
        0,
        0,
        1
      ],
      "fov": 50,
      "aspect": 1
    },
    {
      "camera_to_world": [
        0.9683354546700634,
        0.07579939011503962,
        -0.23786739937853996,
        -3.4965782894660573,
        -0.24963718097268528,
        0.2833796723902055,
        -0.9259466718726466,
        -14.965925998929915,
        -0.002779407298796499,
        0.9560075385341938,
        0.29332892997599047,
        6.95148031544711,
        0,
        0,
        0,
        1
      ],
      "fov": 50,
      "aspect": 1
    },
    {
      "camera_to_world": [
        0.9751545606663916,
        0.06751225869129748,
        -0.21098738762764024,
        -3.0362632462755412,
        -0.22150434294880067,
        0.28397220044777655,
        -0.9328963583526672,
        -15.024238013149288,
        -0.003067387545925636,
        0.9564527611436162,
        0.29187104487152526,
        6.9091637617051616,
        0,
        0,
        0,
        1
      ],
      "fov": 50,
      "aspect": 1
    },
    {
      "camera_to_world": [
        0.9812374213115526,
        0.05900839425854208,
        -0.18355144353799874,
        -2.5706742653231025,
        -0.19277578624813346,
        0.2841788471918224,
        -0.9391910769620528,
        -15.076436835524314,
        -0.00325871972845819,
        0.9569537043220824,
        0.2902223088082238,
        6.865582678756701,
        0,
        0,
        0,
        1
      ],
      "fov": 50,
      "aspect": 1
    },
    {
      "camera_to_world": [
        0.9865171684626975,
        0.05034971940377214,
        -0.15572020448324386,
        -2.1019406303279085,
        -0.16362359143480457,
        0.2839866492856724,
        -0.9447639405446593,
        -15.122453996234805,
        -0.003346140211949498,
        0.957505346608288,
        0.2883961070510905,
        6.821175262475023,
        0,
        0,
        0,
        1
      ],
      "fov": 50,
      "aspect": 1
    },
    {
      "camera_to_world": [
        0.9909447409344616,
        0.04160380796377651,
        -0.1276622245507508,
        -1.6321916250091228,
        -0.13422910324769738,
        0.2833928601750785,
        -0.9495636022105667,
        -15.162221025460576,
        -0.003326898804009896,
        0.9581010437133975,
        0.28641110624353633,
        6.776379708733419,
        0,
        0,
        0,
        1
      ],
      "fov": 50,
      "aspect": 1
    },
    {
      "camera_to_world": [
        0.994490289316125,
        0.03284214835254004,
        -0.09955128199837358,
        -1.1635565330858997,
        -0.1047797961445354,
        0.28240598786734644,
        -0.9535554794224497,
        -15.195669453381445,
        -0.003202932381358062,
        0.958732627643525,
        0.2842912061881312,
        6.731634213405179,
        0,
        0,
        0,
        1
      ],
      "fov": 50,
      "aspect": 1
    },
    {
      "camera_to_world": [
        0.997143931319004,
        0.02413819328549263,
        -0.07156345337247098,
        -0.6981646382774058,
        -0.07546584969611174,
        0.281046406058555,
        -0.9567224378947187,
        -15.222730810177223,
        -0.0029808997509984878,
        0.959390569719383,
        0.2820653274867234,
        6.6873769723635945,
        0,
        0,
        0,
        1
      ],
      "fov": 50,
      "aspect": 1
    },
    {
      "camera_to_world": [
        0.9989158027541034,
        0.015565330061909154,
        -0.04387413256338084,
        -0.23814522430280605,
        -0.046476650218596476,
        0.2793464929883481,
        -0.9590648871893751,
        -15.243336626027727,
        -0.002672076455403969,
        0.9600641943928409,
        0.27976705069082364,
        6.6440461814819605,
        0,
        0,
        0,
        1
      ],
      "fov": 50,
      "aspect": 1
    },
    {
      "camera_to_world": [
        0.9998354055988476,
        0.0071949127397788,
        -0.016655177623035568,
        0.21437242511874577,
        -0.017997441805862338,
        0.2773502946653227,
        -0.960600284268906,
        -15.25741843111277,
        -0.0022921168016692855,
        0.9607419254304069,
        0.2774341343829952,
        6.602080036633565,
        0,
        0,
        0,
        1
      ],
      "fov": 50,
      "aspect": 1
    },
    {
      "camera_to_world": [
        0.999950309742506,
        -0.0009055100556888339,
        0.009927643094197178,
        0.6572590262680842,
        0.009793663675783252,
        0.2751127510474297,
        -0.9613620849414234,
        -15.264907755612168,
        -0.0018606981679891617,
        0.9614115426094353,
        0.27510794888493073,
        6.5619167336917,
        0,
        0,
        0,
        1
      ],
      "fov": 50,
      "aspect": 1
    },
    {
      "camera_to_world": [
        0.9993243121024983,
        -0.00867365877324479,
        0.03571675915244643,
        1.088385295426044,
        0.03672813972221716,
        0.2726985598152112,
        -0.9613982209403423,
        -15.265736129705736,
        -0.001401068668497771,
        0.9620604259183491,
        0.2728328680500045,
        6.52399446852966,
        0,
        0,
        0,
        1
      ],
      "fov": 50,
      "aspect": 1
    },
    {
      "camera_to_world": [
        0.9980351905663749,
        -0.016053595536338238,
        0.060564349757059495,
        1.5056219488734706,
        0.06264882830435302,
        0.2701807781671229,
        -0.9607692081978375,
        -15.25983508357329,
        -0.0009395228743721059,
        0.9626757653433287,
        0.2706556633758196,
        6.488751437020734,
        0,
        0,
        0,
        1
      ],
      "fov": 50,
      "aspect": 1
    },
    {
      "camera_to_world": [
        0.9961722076397252,
        -0.02299635833514331,
        0.08433326881793374,
        1.9068397028911979,
        0.08741097111722199,
        0.2676392761433521,
        -0.9595460072314441,
        -15.24713614739464,
        -0.0005048311998842071,
        0.9632447172804969,
        0.26862494258105557,
        6.4566258350382135,
        0,
        0,
        0,
        1
      ],
      "fov": 50,
      "aspect": 1
    },
    {
      "camera_to_world": [
        0.9938335193545065,
        -0.029460144088712628,
        0.10689731389379278,
        2.2899092737600624,
        0.11088245809738784,
        0.26515915505799753,
        -0.9578077588823395,
        -15.227570851349604,
        -0.00012764684408699337,
        0.9637544928036399,
        0.2667906694528167,
        6.428055858455393,
        0,
        0,
        0,
        1
      ],
      "fov": 50,
      "aspect": 1
    },
    {
      "camera_to_world": [
        0.9911119285930446,
        -0.035431767369458814,
        0.12822532847161058,
        2.653807887449854,
        0.13303051524006715,
        0.26278457092199414,
        -0.9556396555712335,
        -15.201727591586742,
        0.0001643640414857525,
        0.9642037435866032,
        0.26516242916001864,
        6.403015767365758,
        0,
        0,
        0,
        1
      ],
      "fov": 50,
      "aspect": 1
    },
    {
      "camera_to_world": [
        0.9880413572724537,
        -0.04100091387103223,
        0.1486378194839652,
        3.0024078074811444,
        0.15418864088027162,
        0.2603986588304506,
        -0.9531098580451245,
        -15.172047528055868,
        0.00037328635423274775,
        0.9646302211423,
        0.2636065194873886,
        6.379827847699682,
        0,
        0,
        0,
        1
      ],
      "fov": 50,
      "aspect": 1
    },
    {
      "camera_to_world": [
        0.9846598877962816,
        -0.046218140104174965,
        0.1682521586498222,
        3.337385191478007,
        0.1744839466914557,
        0.25801368045563994,
        -0.9502548568908807,
        -15.138318825038532,
        0.0005076534126085968,
        0.9650351414446242,
        0.2621200451414712,
        6.358248190917029,
        0,
        0,
        0,
        1
      ],
      "fov": 50,
      "aspect": 1
    },
    {
      "camera_to_world": [
        0.9809990629476869,
        -0.0511269595054868,
        0.18715467535566627,
        3.660015200165734,
        0.19401161594293465,
        0.25565353863089785,
        -0.9471012411905663,
        -15.10002578018494,
        0.0005756517799533971,
        0.9654156111215647,
        0.26071510586807956,
        6.338226043507345,
        0,
        0,
        0,
        1
      ],
      "fov": 50,
      "aspect": 1
    },
    {
      "camera_to_world": [
        0.9770809502009469,
        -0.05577097822180026,
        0.2054322631491903,
        3.9715729942696054,
        0.21286726734130731,
        0.253335993437973,
        -0.9436675266869364,
        -15.056652691145304,
        0.0005858746103660355,
        0.9657693681293578,
        0.2594015889195017,
        6.319710651960174,
        0,
        0,
        0,
        1
      ],
      "fov": 50,
      "aspect": 1
    },
    {
      "camera_to_world": [
        0.9729188852205163,
        -0.060193418398635984,
        0.22317167195402504,
        4.273333734514914,
        0.23114615138883984,
        0.25107327398548274,
        -0.9399647162464868,
        -15.007683855569832,
        0.0005472471066687301,
        0.9660946969483363,
        0.25818740683640395,
        6.302651262765062,
        0,
        0,
        0,
        1
      ],
      "fov": 50,
      "aspect": 1
    },
    {
      "camera_to_world": [
        0.9685181407888612,
        -0.06443677225995283,
        0.24045896394937477,
        4.566572581626941,
        0.2489425456592742,
        0.24887262317237055,
        -0.9359968089667741,
        -14.952603571108734,
        0.00046896009204321076,
        0.9663903558169556,
        0.2570787044086108,
        6.286997122411554,
        0,
        0,
        0,
        1
      ],
      "fov": 50,
      "aspect": 1
    },
    {
      "camera_to_world": [
        0.9638765068188753,
        -0.06854255224114399,
        0.25737909420718896,
        4.852564696330971,
        0.2663493001835147,
        0.24673676547200188,
        -0.9317612456290325,
        -14.890896135412214,
        0.0003604086500059029,
        0.9666555162500675,
        0.25608003242916183,
        6.272697477389195,
        0,
        0,
        0,
        1
      ],
      "fov": 50,
      "aspect": 1
    },
    {
      "camera_to_world": [
        0.9589847749411351,
        -0.07255110641354608,
        0.2740155805593382,
        5.132585239352292,
        0.283457488891461,
        0.24466429389120128,
        -0.9272492843276112,
        -14.822045846130491,
        0.00023113296639888653,
        0.9668897146277284,
        0.2551944872536663,
        6.259701574187529,
        0,
        0,
        0,
        1
      ],
      "fov": 50,
      "aspect": 1
    },
    {
      "camera_to_world": [
        0.9538271270865857,
        -0.07650147218659982,
        0.2904502304819764,
        5.407909371416193,
        0.30035612761622227,
        0.24264997669667362,
        -0.9224463048939441,
        -14.745537000913764,
        0.00009075867948078742,
        0.9670928153814331,
        0.2544238161031224,
        6.247958659296103,
        0,
        0,
        0,
        1
      ],
      "fov": 50,
      "aspect": 1
    },
    {
      "camera_to_world": [
        0.9483814320629032,
        -0.08043124454161389,
        0.30676289576773186,
        5.679812253247957,
        0.3171319231969561,
        0.24068498776067615,
        -0.917332044548779,
        -14.660853897412244,
        -0.00005106581232462715,
        0.9672649851866502,
        0.25376848863511897,
        6.2374179792044595,
        0,
        0,
        0,
        1
      ],
      "fov": 50,
      "aspect": 1
    },
    {
      "camera_to_world": [
        0.9426194578462957,
        -0.08437643773974407,
        0.32303122827972325,
        5.9495690455728685,
        0.33386902156624243,
        0.238757066902674,
        -0.9118807704093952,
        -14.567480833276141,
        -0.00018473753151665445,
        0.967406677544859,
        0.2532277356721837,
        6.228028780402147,
        0,
        0,
        0,
        1
      ],
      "fov": 50,
      "aspect": 1
    },
    {
      "camera_to_world": [
        0.9365070106169091,
        -0.0883713215670657,
        0.33933041212050363,
        6.218454909116217,
        0.3506487253645665,
        0.23685061877613062,
        -0.9060613973597864,
        -14.464902106155668,
        -0.0003007749747141186,
        0.9675186271642807,
        0.252799556219073,
        6.219740309378706,
        0,
        0,
        0,
        1
      ],
      "fov": 50,
      "aspect": 1
    },
    {
      "camera_to_world": [
        0.9300040148312105,
        -0.09244821482496426,
        0.35573284916283326,
        6.487745004603287,
        0.3675491536820554,
        0.2349467609932078,
        -0.8998375626336151,
        -14.352602013701027,
        -0.0003899043917683366,
        0.9676018535918984,
        0.2524806941136045,
        6.212501812623685,
        0,
        0,
        0,
        1
      ],
      "fov": 50,
      "aspect": 1
    },
    {
      "camera_to_world": [
        0.9230645521658871,
        -0.09663722010670907,
        0.37230777620785477,
        6.758714492759363,
        0.3846448181702384,
        0.23302333456509053,
        -0.8931676714945241,
        -14.23006485356243,
        -0.0004431586340546414,
        0.9676576735799768,
        0.25226658592094936,
        6.206262536626627,
        0,
        0,
        0,
        1
      ],
      "fov": 50,
      "aspect": 1
    },
    {
      "camera_to_world": [
        0.9156368812420558,
        -0.10096588514835804,
        0.38912079325773663,
        7.032638534309733,
        0.4020060912642342,
        0.23105489258004286,
        -0.8860049318154369,
        -14.096774923390086,
        -0.00045199090027120425,
        0.9676877216597477,
        0.25215128207723364,
        6.20097172787708,
        0,
        0,
        0,
        1
      ],
      "fov": 50,
      "aspect": 1
    },
    {
      "camera_to_world": [
        0.9076634648346645,
        -0.10545877750019188,
        0.4062332837822338,
        7.310792289979679,
        0.41969854396834905,
        0.22901268650590612,
        -0.8782973992960446,
        -13.952216520834206,
        -0.0004084056557267651,
        0.9676939783152071,
        0.25212734389055824,
        6.196578632864586,
        0,
        0,
        0,
        1
      ],
      "fov": 50,
      "aspect": 1
    },
    {
      "camera_to_world": [
        0.8990810368903569,
        -0.11013696130556723,
        0.4237017097658882,
        7.594450920494493,
        0.4377821330442123,
        0.2268646736761505,
        -0.8699880595876436,
        -13.79587394354499,
        -0.0003051088669554503,
        0.9676788049720784,
        0.2521857198899049,
        6.193032498078693,
        0,
        0,
        0,
        1
      ],
      "fov": 50,
      "aspect": 1
    },
    {
      "camera_to_world": [
        0.8898207480961826,
        -0.1150173680504576,
        0.4415767671699856,
        7.884889586579458,
        0.45631022106528035,
        0.22457557438443038,
        -0.861014978697385,
        -13.62723148917266,
        -0.00013567942022535417,
        0.9676449847111537,
        0.25231560624433474,
        6.190282570008942,
        0,
        0,
        0,
        1
      ],
      "fov": 50,
      "aspect": 1
    },
    {
      "camera_to_world": [
        0.8798092440765791,
        -0.12010943223514006,
        0.459901531118946,
        8.18371314129032,
        0.47532692325675024,
        0.22211305898635836,
        -0.8513108157747052,
        -13.445997496514986,
        0.00010032282899478939,
        0.9675947050887963,
        0.25250836940476884,
        6.188525356968366,
        0,
        0,
        0,
        1
      ],
      "fov": 50,
      "aspect": 1
    },
    {
      "camera_to_world": [
        0.8690000591234606,
        -0.12538175686249678,
        0.4786630467139653,
        8.494180742643929,
        0.49481185319022347,
        0.21950101806128045,
        -0.8408213442893313,
        -13.253926753742395,
        0.0003566312924530024,
        0.9675219470979122,
        0.25278677714229053,
        6.1898700270317,
        0,
        0,
        0,
        1
      ],
      "fov": 50,
      "aspect": 1
    },
    {
      "camera_to_world": [
        0.8573884473371581,
        -0.13079306005394573,
        0.4977732674767723,
        8.81524287739694,
        0.514669482386485,
        0.21673833541332232,
        -0.8295419325521102,
        -13.051577722447032,
        0.0006117783953882573,
        0.967428379470019,
        0.25314414139617725,
        6.19445599661237,
        0,
        0,
        0,
        1
      ],
      "fov": 50,
      "aspect": 1
    },
    {
      "camera_to_world": [
        0.8449776968869843,
        -0.1363061071238714,
        0.517139571996094,
        9.14491249168723,
        0.5348008605520109,
        0.2138149119010304,
        -0.8174785764786642,
        -12.839041159172629,
        0.0008551703900892824,
        0.9673178529364019,
        0.25356545520656715,
        6.201842970520172,
        0,
        0,
        0,
        1
      ],
      "fov": 50,
      "aspect": 1
    },
    {
      "camera_to_world": [
        0.8317766334343044,
        -0.14188499600100582,
        0.5366714823637357,
        9.481202531652675,
        0.5551094231589044,
        0.21072376592454142,
        -0.8046421706539917,
        -12.616407820462914,
        0.001077215337489737,
        0.9671939528266157,
        0.2540368028903352,
        6.211590653564908,
        0,
        0,
        0,
        1
      ],
      "fov": 50,
      "aspect": 1
    },
    {
      "camera_to_world": [
        0.8177994363150994,
        -0.14749566862529856,
        0.5562815022086225,
        9.822125943431148,
        0.5755019289833142,
        0.20746093063339416,
        -0.7910483499743933,
        -12.38376846286162,
        0.0012695271520689888,
        0.9670599722858464,
        0.25454547393993876,
        6.223258750556374,
        0,
        0,
        0,
        1
      ],
      "fov": 50,
      "aspect": 1
    },
    {
      "camera_to_world": [
        0.8030652753346361,
        -0.15310639156823952,
        0.5758859230895108,
        10.165695673160522,
        0.5958893627485546,
        0.20402523750158158,
        -0.7767171749263336,
        -12.141213842912471,
        0.0014251016898930294,
        0.9669188876650288,
        0.255080053633751,
        6.2364069663043695,
        0,
        0,
        0,
        1
      ],
      "fov": 50,
      "aspect": 1
    },
    {
      "camera_to_world": [
        0.787597781751466,
        -0.15868818539131105,
        0.595405571016415,
        10.509924666978678,
        0.6161877695255387,
        0.20041799633985727,
        -0.7616726721041386,
        -11.8888347171592,
        0.0015384626456583232,
        0.9667733377376156,
        0.25563048834667207,
        6.250595005618694,
        0,
        0,
        0,
        1
      ],
      "fov": 50,
      "aspect": 1
    },
    {
      "camera_to_world": [
        0.7714243731167219,
        -0.1642151849045844,
        0.6147664675372477,
        10.852825871023487,
        0.6363189907940578,
        0.19664258611875043,
        -0.7459422466111981,
        -11.626721842145534,
        0.0016057759197857652,
        0.9666256081706521,
        0.2561881244562528,
        6.265382573309143,
        0,
        0,
        0,
        1
      ],
      "fov": 50,
      "aspect": 1
    },
    {
      "camera_to_world": [
        0.7545754564577631,
        -0.16966491625916277,
        0.6339003838950802,
        11.192412231432826,
        0.6562112770343604,
        0.19270397430783287,
        -0.7295559870077827,
        -11.354965974415203,
        0.0016249321502033597,
        0.9664776223362533,
        0.25674572074091095,
        6.280329374185518,
        0,
        0,
        0,
        1
      ],
      "fov": 50,
      "aspect": 1
    },
    {
      "camera_to_world": [
        0.737083537487525,
        -0.1750184813389661,
        0.6527452718746252,
        11.52669669434456,
        0.6757997579396452,
        0.18860818452990105,
        -0.7125458861694814,
        -11.07365787051194,
        0.001595598192960721,
        0.9663309391291044,
        0.25729743517623693,
        6.2949951130576185,
        0,
        0,
        0,
        1
      ],
      "fov": 50,
      "aspect": 1
    },
    {
      "camera_to_world": [
        0.7189822648758528,
        -0.18026064478622678,
        0.671245560681963,
        11.85369220589658,
        0.6950267582659237,
        0.18436173304597062,
        -0.6949450026316093,
        -10.782888286979468,
        0.0015192393985990343,
        0.9661867579974072,
        0.2578387879705257,
        6.308939494735239,
        0,
        0,
        0,
        1
      ],
      "fov": 50,
      "aspect": 1
    },
    {
      "camera_to_world": [
        0.7003054381014127,
        -0.1853798237689872,
        0.6893523150791384,
        12.171411712226753,
        0.713841954385861,
        0.17997105393058463,
        -0.6767865866768409,
        -10.482747980361518,
        0.0013991154930861477,
        0.9660459309403948,
        0.2583666034713913,
        6.32172222402818,
        0,
        0,
        0,
        1
      ],
      "fov": 50,
      "aspect": 1
    },
    {
      "camera_to_world": [
        0.6810860051386806,
        -0.19036798488424117,
        0.7070232555831149,
        12.477868159472946,
        0.7322023732377929,
        0.1754419308973962,
        -0.658103193661858,
        -10.173327707201825,
        0.0012402536744264838,
        0.9659089808124295,
        0.2588789341694617,
        6.3329030057462425,
        0,
        0,
        0,
        1
      ],
      "fov": 50,
      "aspect": 1
    },
    {
      "camera_to_world": [
        0.6613550724817344,
        -0.19522045606956395,
        0.7242226464525059,
        12.77107449377305,
        0.7500722410913029,
        0.1707789508239415,
        -0.6389258040647163,
        -9.854718224044108,
        0.001049403140029506,
        0.9657761249313764,
        0.25937497039148644,
        6.342041544699222,
        0,
        0,
        0,
        1
      ],
      "fov": 50,
      "aspect": 1
    },
    {
      "camera_to_world": [
        0.641140945111459,
        -0.1999356638508165,
        0.7409210611273771,
        13.049043661264925,
        0.7674226940332504,
        0.16598499039763648,
        -0.619282965731696,
        -9.527010287432105,
        0.0008349756484347381,
        0.9656473027369931,
        0.259854939403577,
        6.348697545696917,
        0,
        0,
        0,
        1
      ],
      "fov": 50,
      "aspect": 1
    },
    {
      "camera_to_world": [
        0.6204682083614422,
        -0.2045148075713868,
        0.7570950375592091,
        13.309788608086455,
        0.7842313650905518,
        0.1610607432814671,
        -0.5991999691103388,
        -9.190294653909545,
        0.0006069768953853584,
        0.9655222060924646,
        0.2603199975441543,
        6.352430713549128,
        0,
        0,
        0,
        1
      ],
      "fov": 50,
      "aspect": 1
    },
    {
      "camera_to_world": [
        0.5993568576095551,
        -0.2089614824142834,
        0.7727266373716027,
        13.551322280375514,
        0.8004818643526906,
        0.15600429108292646,
        -0.578698061173661,
        -8.844662080020148,
        0.00037693346906937663,
        0.9654003107679935,
        0.2607721186979567,
        6.352800753065652,
        0,
        0,
        0,
        1
      ],
      "fov": 50,
      "aspect": 1
    },
    {
      "camera_to_world": [
        0.5778214756502419,
        -0.21328126210354953,
        0.7878029230162159,
        13.771657624269968,
        0.8161631683494621,
        0.15081071746582414,
        -0.5577936985366643,
        -8.490203322307659,
        0.00015781997555763819,
        0.9652809076807436,
        0.2612139819379793,
        6.349367369056288,
        0,
        0,
        0,
        1
      ],
      "fov": 50,
      "aspect": 1
    },
    {
      "camera_to_world": [
        0.5558620707628588,
        -0.21748452953228525,
        0.8023202837404444,
        13.968825932653095,
        0.8312745376470319,
        0.1454715831981619,
        -0.5364891998368035,
        -8.126814451954298,
        -0.000036700682061518997,
        0.9651624204743681,
        0.2616514872060144,
        6.341712020292759,
        0,
        0,
        0,
        1
      ],
      "fov": 50,
      "aspect": 1
    },
    {
      "camera_to_world": [
        0.5331928435976833,
        -0.22167974316230665,
        0.8164333916540347,
        14.1423746577111,
        0.8459937024665443,
        0.13996214525392528,
        -0.5144951440809403,
        -7.748486464401311,
        -0.00021661755472006389,
        0.965022636712431,
        0.26216648090368483,
        6.330284640635918,
        0,
        0,
        0,
        1
      ],
      "fov": 50,
      "aspect": 1
    },
    {
      "camera_to_world": [
        0.5096409026006032,
        -0.22589593742563968,
        0.8302030931350678,
        14.294068474129364,
        0.8603871223986412,
        0.1342413234157342,
        -0.49164343451141307,
        -7.353404335985611,
        -0.00038730740817079234,
        0.964857654030989,
        0.26277282479508385,
