{
  "keyframes": [
    {
      "matrix": "[-0.7554622376410213,-0.6551921976809612,-5.551115146450424e-17,0,0.037639000149887254,-0.043399239759644506,0.9983486229590044,0,-0.6541101939890035,0.7542146450519226,0.05744726299161129,0,0.2997806072235117,0.448658376932144,-0.0300792865455152,1]",
      "fov": 50,
      "aspect": 1,
      "properties": "[[\"FOV\",50],[\"NAME\",\"Camera 0\"],[\"TIME\",0]]"
    },
    {
      "matrix": "[-0.5469796022075383,-0.8371459316853995,0,0,0.034098516973061266,-0.022279500555228388,0.9991701536664105,0,-0.8364512769401325,0.5465257243806786,0.04073186943617972,0,0.023395229130984185,0.10384462028741867,-0.018725728616118428,1]",
      "fov": 50,
      "aspect": 1,
      "properties": "[[\"FOV\",50],[\"NAME\",\"Camera 1\"],[\"TIME\",0.3333333333333333]]"
    },
    {
      "matrix": "[-0.3332137433278483,-0.9428512812914441,-5.5511149493078066e-17,0,0.022561395795235195,-0.00797343896837499,0.9997136041805859,0,-0.9425812719458978,0.33311831913259293,0.02392890086957133,0,-0.17593847215175593,-0.18345014750957497,-0.0038461280055344313,1]",
      "fov": 50,
      "aspect": 1,
      "properties": "[[\"FOV\",50],[\"NAME\",\"Camera 2\"],[\"TIME\",0.6666666666666666]]"
    },
    {
      "matrix": "[-0.12758530366235984,-0.9918275669999518,5.5511149354194297e-17,0,0.029628842711778312,-0.003811352920932304,0.9995537824158789,0,-0.991384968606281,0.1275283693198028,0.02987297477119844,0,-0.3995501101016992,-0.5230191946029664,0.012127172201871789,1]",
      "fov": 50,
      "aspect": 1,
      "properties": "[[\"FOV\",50],[\"NAME\",\"Camera 3\"],[\"TIME\",1]]"
    }
  ],
  "camera_type": "perspective",
  "render_height": 1080,
  "render_width": 1920,
  "camera_path": [
    {
      "camera_to_world": [
        -0.7554622344667252,
        0.03763899711414909,
        -0.6541101728231903,
        0.2997806072235117,
        -0.6551921949279789,
        -0.04339923625931997,
        0.7542146206469119,
        0.448658376932144,
        -7.979727989493311e-17,
        0.9983485424381352,
        0.0574472611327224,
        -0.0300792865455152,
        0,
        0,
        0,
        1
      ],
      "fov": 50,
      "aspect": 1
    },
    {
      "camera_to_world": [
        -0.7498005681384854,
        0.03760656991862527,
        -0.6605943187147164,
        0.2911071169843363,
        -0.661663879672852,
        -0.04282036627120599,
        0.7485768675083874,
        0.4378557392633409,
        -0.00013548237662228468,
        0.9983747603637401,
        0.05698964391159426,
        -0.029726155757607977,
        0,
        0,
        0,
        1
      ],
      "fov": 50,
      "aspect": 1
    },
    {
      "camera_to_world": [
        -0.7440390456571444,
        0.03757591982672249,
        -0.6670786676148336,
        0.2823654352587264,
        -0.6681360888355431,
        -0.042226646397985186,
        0.7428398731419328,
        0.4270021967276988,
        -0.00025560349973669996,
        0.9984012022143981,
        0.05652410179468289,
        -0.029376145551907613,
        0,
        0,
        0,
        1
      ],
      "fov": 50,
      "aspect": 1
    },
    {
      "camera_to_world": [
        -0.7381817035219714,
        0.03754613617869154,
        -0.6735562784529971,
        0.27356261633838225,
        -0.674601839876439,
        -0.041618867399180234,
        0.7370076169970924,
        0.416103015345925,
        -0.00036086108631483774,
        0.9984278429283012,
        0.05605097898177855,
        -0.029028933109565128,
        0,
        0,
        0,
        1
      ],
      "fov": 50,
      "aspect": 1
    },
    {
      "camera_to_world": [
        -0.7322327214162648,
        0.03751633132829149,
        -0.6800204162898321,
        0.26470571451500385,
        -0.6810543572893528,
        -0.040997853126439644,
        0.7310842211785243,
        0.40516346113872703,
        -0.00045177927941142046,
        0.9984546564179511,
        0.055570630487641194,
        -0.028684195611731533,
        0,
        0,
        0,
        1
      ],
      "fov": 50,
      "aspect": 1
    },
    {
      "camera_to_world": [
        -0.7261964088746548,
        0.03748564298207926,
        -0.6864645674088178,
        0.2558017840802913,
        -0.6874870878739412,
        -0.040364459471248074,
        0.725073937207925,
        0.39418880012681246,
        -0.0005289084638342363,
        0.9984816157455351,
        0.055083421045018795,
        -0.02834161023955784,
        0,
        0,
        0,
        1
      ],
      "fov": 50,
      "aspect": 1
    },
    {
      "camera_to_world": [
        -0.7200771912056146,
        0.037453236391239535,
        -0.6928824530822344,
        0.24685787932594486,
        -0.6938937146739576,
        -0.039719573092119397,
        0.7189811320537948,
        0.3831842983308888,
        -0.000592824939795015,
        0.9985086933007652,
        0.0545897239541385,
        -0.028000854174195063,
        0,
        0,
        0,
        1
      ],
      "fov": 50,
      "aspect": 1
    },
    {
      "camera_to_world": [
        -0.7138795947928479,
        0.037418306378944687,
        -0.6992680419453836,
        0.2378810545436645,
        -0.7002681695138996,
        -0.039064109939144415,
        0.7128102735513251,
        0.37215522177166344,
        -0.0006441304616818591,
        0.9985358609796614,
        0.05408991988859355,
        -0.027661604596794225,
        0,
        0,
        0,
        1
      ],
      "fov": 50,
      "aspect": 1
    },
    {
      "camera_to_world": [
        -0.7076082319028743,
        0.03738007918841105,
        -0.7056155609275893,
        0.2288783640251504,
        -0.7066046440812077,
        -0.03839901359551065,
        0.7065659153382376,
        0.36110683646984393,
        -0.0006834516500869129,
        0.9985630903627272,
        0.053584395667788276,
        -0.02732353868850633,
        0,
        0,
        0,
        1
      ],
      "fov": 50,
      "aspect": 1
    },
    {
      "camera_to_world": [
        -0.7012677851279934,
        0.03733781413917741,
        -0.7119195047032963,
        0.21985686206210267,
        -0.7128975995161021,
        -0.0377252534570292,
        0.7002526814341965,
        0.3500444084461378,
        -0.0007114392860839111,
        0.9985903528909696,
        0.053073543006201,
        -0.026986333630482404,
        0,
        0,
        0,
        1
      ],
      "fov": 50,
      "aspect": 1
    },
    {
      "camera_to_world": [
        -0.6948629915938752,
        0.037290805081617646,
        -0.7181746436414858,
        0.21082360294622138,
        -0.7191417744861892,
        -0.03704382277177472,
        0.6938752505914217,
        0.3389732037212525,
        -0.0007287674974743552,
        0.9986176200382297,
        0.05255775724968181,
        -0.026649666603873443,
        0,
        0,
        0,
        1
      ],
      "fov": 50,
      "aspect": 1
    },
    {
      "camera_to_world": [
        -0.6883986270593536,
        0.03723838164226588,
        -0.7243760302463506,
        0.2017856409692067,
        -0.7253321917378465,
        -0.03635573656266384,
        0.6874383405424505,
        0.3278984883158956,
        -0.0007361328472988255,
        0.9986448634783294,
        0.05203743610882442,
        -0.02631321478983048,
        0,
        0,
        0,
        1
      ],
      "fov": 50,
      "aspect": 1
    },
    {
      "camera_to_world": [
        -0.6818794900327229,
        0.0371799102551263,
        -0.7305190040964948,
        0.19275003042275873,
        -0.7314641631308765,
        -0.035662029456164444,
        0.6809466922676946,
        0.3168255282507744,
        -0.0007342533353391252,
        0.9986720552456089,
        0.051512978399148396,
        -0.02597665536950452,
        0,
        0,
        0,
        1
      ],
      "fov": 50,
      "aspect": 1
    },
    {
      "camera_to_world": [
        -0.6753103860239994,
        0.037114794976711545,
        -0.7365991953036289,
        0.18372382559857758,
        -0.7375332931767995,
        -0.03496375344035115,
        0.6744050544006529,
        0.3057595895465966,
        -0.0007238673236189194,
        0.9986991678875071,
        0.05098478279740727,
        -0.025639665524046583,
        0,
        0,
        0,
        1
      ],
      "fov": 50,
      "aspect": 1
    },
    {
      "camera_to_world": [
        -0.6686961120464482,
        0.037042478085057604,
        -0.7426125265246217,
        0.17471408078836337,
        -0.7435354811142154,
        -0.03426197557521666,
        0.6678181678824974,
        0.29470593822406965,
        -0.000705732397045796,
        0.9987261746079361,
        0.05045324662281383,
        -0.02530192243460767,
        0,
        0,
        0,
        1
      ],
      "fov": 50,
      "aspect": 1
    },
    {
      "camera_to_world": [
        -0.6620414414732632,
        0.03696244046535759,
        -0.7485552135726856,
        0.16572785028381617,
        -0.7494669215667512,
        -0.033557775677535304,
        0.6611907509704242,
        0.2836698403039009,
        -0.0006806241703323329,
        0.9987530494003114,
        0.04991876465135776,
        -0.024963103282338812,
        0,
        0,
        0,
        1
      ],
      "fov": 50,
      "aspect": 1
    },
    {
      "camera_to_world": [
        -0.6553511093468682,
        0.03687420178710321,
        -0.7544237646842742,
        0.15677218837663617,
        -0.7553241038400796,
        -0.03285224400168275,
        0.6545274846958182,
        0.2726565618067981,
        -0.0006493350521971538,
        0.9987797671692283,
        0.049381727970698765,
        -0.024622885248391017,
        0,
        0,
        0,
        1
      ],
      "fov": 50,
      "aspect": 1
    },
    {
      "camera_to_world": [
        -0.6486297982290471,
        0.036777320479691,
        -0.7602149785078428,
        0.14785414935852342,
        -0.7611038099242232,
        -0.032146478936672086,
        0.6478329988591243,
        0.26167136875346847,
        -0.0006126729775836856,
        0.9988063038398928,
        0.04884252288236491,
        -0.024280945513915294,
        0,
        0,
        0,
        1
      ],
      "fov": 50,
      "aspect": 1
    },
    {
      "camera_to_world": [
        -0.641882124670186,
        0.036671393515312484,
        -0.7659259408888911,
        0.13898078752117815,
        -0.766803111275783,
        -0.03144158473831013,
        0.6411118586385084,
        0.25071952716461976,
        -0.0005714601182618579,
        0.9988326364545709,
        0.048301529857184396,
        -0.023936961260062662,
        0,
        0,
        0,
        1
      ],
      "fov": 50,
      "aspect": 1
    },
    {
      "camera_to_world": [
        -0.6351126263655404,
        0.03655605600958588,
        -0.7715540205326453,
        0.1301591571563003,
        -0.7724193644617924,
        -0.030738669313842382,
        0.6343685518791543,
        0.23980630306095935,
        -0.0005265315817042926,
        0.9988587432554408,
        0.04775912254905028,
        -0.02359060966798414,
        0,
        0,
        0,
        1
      ],
      "fov": 50,
      "aspect": 1
    },
    {
      "camera_to_world": [
        -0.6283257500558087,
        0.03643098065178645,
        -0.7770968636312686,
        0.12139631255559005,
        -0.7779502057525659,
        -0.030038842074778884,
        0.6276074771195344,
        0.22893696246319464,
        -0.000478734107567394,
        0.9988846037533844,
        0.04721566687126844,
        -0.02324156791883073,
        0,
        0,
        0,
        1
      ],
      "fov": 50,
      "aspect": 1
    },
    {
      "camera_to_world": [
        -0.6215258402185474,
        0.0362958769776873,
        -0.7825523875467058,
        0.11269930801074764,
        -0.7833935447552337,
        -0.02934321187181553,
        0.6208329324003968,
        0.2181167713920333,
        -0.00042892477047642985,
        0.9989101987823863,
        0.04667152013889133,
        -0.022889513193753465,
        0,
        0,
        0,
        1
      ],
      "fov": 50,
      "aspect": 1
    },
    {
      "camera_to_world": [
        -0.6147171285863251,
        0.03615049049892875,
        -0.7879187736431149,
        0.10407519781347302,
        -0.7887475571825827,
        -0.028652885023920018,
        0.6140491048917134,
        0.2073509958681827,
        -0.0003779696971206449,
        0.9989355105393405,
        0.04612703027960043,
        -0.02253412267390334,
        0,
        0,
        0,
        1
      ],
      "fov": 50,
      "aspect": 1
    },
    {
      "camera_to_world": [
        -0.6079037245170815,
        0.035994601703498476,
        -0.793194459364453,
        0.09553103625546636,
        -0.7940106768535293,
        -0.02796896345177714,
        0.607260061362538,
        0.19664490191235037,
        -0.0003267428049299158,
        0.9989605226091969,
        0.04558253511488548,
        -0.022175073540431377,
        0,
        0,
        0,
        1
      ],
      "fov": 50,
      "aspect": 1
    },
    {
      "camera_to_world": [
        -0.6010896062320951,
        0.03582802494233193,
        -0.798378129653159,
        0.08707387762842782,
        -0.7991815870219781,
        -0.027292542923914503,
        0.6004697395088106,
        0.18600375554524387,
        -0.00027612456883619954,
        0.9989852199754898,
        0.04503836171248416,
        -0.021812042974488594,
        0,
        0,
        0,
        1
      ],
      "fov": 50,
      "aspect": 1
    },
    {
      "camera_to_world": [
        -0.5942786129273928,
        0.03565060721724727,
        -0.8034687078051862,
        0.07871077622405746,
        -0.8042592111301686,
        -0.02662471142198724,
        0.5936819401446998,
        0.17543282278757055,
        -0.00022700082183807133,
        0.9990095890164107,
        0.044494825810305456,
        -0.021444708157226003,
        0,
        0,
        0,
        1
      ],
      "fov": 50,
      "aspect": 1
    },
    {
      "camera_to_world": [
        -0.5874744377554213,
        0.03546222688542708,
        -0.808465345854897,
        0.07044878633405541,
        -0.8092427030809172,
        -0.025966547629916716,
        0.5869003202541927,
        0.16493736966003805,
        -0.000180261594294278,
        0.9990336174866739,
        0.043952231311366476,
        -0.021072746269794617,
        0,
        0,
        0,
        1
      ],
      "fov": 50,
      "aspect": 1
    },
    {
      "camera_to_world": [
        -0.5806806216654546,
        0.03526279229546746,
        -0.8133674145807342,
        0.062294962250121794,
        -0.8141314371205562,
        -0.025319119549874123,
        0.5801283868914164,
        0.1545226621833538,
        -0.00013679999608503732,
        0.9990572944855294,
        0.04341086984863548,
        -0.020695834493345455,
        0,
        0,
        0,
        1
      ],
      "fov": 50,
      "aspect": 1
    },
    {
      "camera_to_world": [
        -0.5739005480835767,
        0.03505224036965434,
        -0.8181744932191655,
        0.05425635826395668,
        -0.8189249974209768,
        -0.024683483246494223,
        0.5733694919106467,
        0.1441939663782253,
        -0.00009751114500560626,
        0.9990806104113362,
        0.04287102041809346,
        -0.020313650009029516,
        0,
        0,
        0,
        1
      ],
      "fov": 50,
      "aspect": 1
    },
    {
      "camera_to_world": [
        -0.5671374384061761,
        0.03483053514662156,
        -0.8228863589703508,
        0.04634002866726026,
        -0.8236231674451078,
        -0.024060681719214758,
        0.5666268275001589,
        0.13395654826536,
        -0.00006329114400615425,
        0.9991035569031905,
        0.042332949077810364,
        -0.01992586999799784,
        0,
        0,
        0,
        1
      ],
      "fov": 50,
      "aspect": 1
    },
    {
      "camera_to_world": [
        -0.5603943482747817,
        0.0345976662979121,
        -0.827502976374358,
        0.0385530277517326,
        -0.8282259191755313,
        -0.023451743901269764,
        0.5599034224880534,
        0.12381567386546546,
        -0.00003503610916936669,
        0.999126126770153,
        0.0417969087103757,
        -0.019532171641401416,
        0,
        0,
        0,
        1
      ],
      "fov": 50,
      "aspect": 1
    },
    {
      "camera_to_world": [
        -0.5536741645947086,
        0.03435364763123174,
        -0.832024486631722,
        0.03090240980907384,
        -0.8327334022808667,
        -0.022857683782632178,
        0.5532021393829071,
        0.11377660919924922,
        -0.00001364124963083857,
        0.9991483139086621,
        0.04126313884563253,
        -0.019132232120391276,
        0,
        0,
        0,
        1
      ],
      "fov": 50,
      "aspect": 1
    },
    {
      "camera_to_world": [
        -0.5469796032554055,
        0.03409851559236957,
        -0.8364511969367705,
        0.023395229130984185,
        -0.8371459332891483,
        -0.02227949965310343,
        0.5465256721075856,
        0.10384462028741867,
        4.163336342344337e-17,
        0.999170113208759,
        0.04073186554033226,
        -0.018725728616118428,
        0,
        0,
        0,
        1
      ],
      "fov": 50,
      "aspect": 1
    },
    {
      "camera_to_world": [
        -0.5402973555727729,
        0.033822296734087355,
        -0.8407941601870816,
        0.016047672587945642,
        -0.8414741633267284,
        -0.02171222091456816,
        0.5398609190491004,
        0.09404794471868202,
        0.000003827649555060431,
        0.9991919894127396,
        0.040191644389857534,
        -0.018312963260491692,
        0,
        0,
        0,
        1
      ],
      "fov": 50,
      "aspect": 1
    },
    {
      "camera_to_world": [
        -0.533612403309984,
        0.033516733401556975,
        -0.8450647499546007,
        0.008865039520515795,
        -0.8457291546511332,
        -0.021150452846764176,
        0.5331930750839291,
        0.08440460815199943,
        -0.0000026119972329381735,
        0.9992143348283519,
        0.03963222258102251,
        -0.0178946018564261,
        0,
        0,
        0,
        1
      ],
      "fov": 50,
      "aspect": 1
    },
    {
      "camera_to_world": [
        -0.5269247873266774,
        0.033184424005270746,
        -0.8492638356271708,
        0.0018380529255076718,
        -0.8499119178962855,
        -0.02059452369653228,
        0.5265221718138474,
        0.07490455871345632,
        -0.000017849189784934633,
        0.9992370387436365,
        0.03905560246949268,
        -0.017470867091581955,
        0,
        0,
        0,
        1
      ],
      "fov": 50,
      "aspect": 1
    },
    {
      "camera_to_world": [
        -0.5202345748730709,
        0.032827930951755166,
        -0.8533922392757399,
        -0.005042564200265709,
        -0.8540234103747626,
        -0.02004473515836673,
        0.5198482693289369,
        0.06553774452913814,
        -0.000040478331567974514,
        0.999259993966464,
        0.038463785820521366,
        -0.01704198165361958,
        0,
        0,
        0,
        1
      ],
      "fov": 50,
      "aspect": 1
    },
    {
      "camera_to_world": [
        -0.5135418614510965,
        0.03244978199357913,
        -0.8574507380519956,
        -0.01178608885999133,
        -0.8580645382222173,
        -0.01950136519077677,
        0.5131714577031625,
        0.05629411372513034,
        -0.00006915804805819602,
        0.99928309722734,
        0.03785877458264122,
        -0.016608168230199272,
        0,
        0,
        0,
        1
      ],
      "fov": 50,
      "aspect": 1
    },
    {
      "camera_to_world": [
        -0.5068467725239167,
        0.03205247158505294,
        -0.8614400665440274,
        -0.018401798056856176,
        -0.8620361585531185,
        -0.018964670670057183,
        0.5064918583880288,
        0.04716361442751833,
        -0.00010261126495667364,
        0.9993062495209692,
        0.03724257159840949,
        -0.01616964950898136,
        0,
        0,
        0,
        1
      ],
      "fov": 50,
      "aspect": 1
    },
    {
      "camera_to_world": [
        -0.5001494650800704,
        0.03163846223853875,
        -0.8653609190894284,
        -0.024898968794047214,
        -0.8659390816246239,
        -0.018434889888537795,
        0.4998096255074534,
        0.038136194762387554,
        -0.00013962529418171804,
        0.999329356389563,
        0.03661718125141776,
        -0.015726648177626135,
        0,
        0,
        0,
        1
      ],
      "fov": 50,
      "aspect": 1
    },
    {
      "camera_to_world": [
        -0.49345012905818886,
        0.031210185876744415,
        -0.8692139520451772,
        -0.03128687807475144,
        -0.8697740730056656,
        -0.01791224490401682,
        0.4931249470566598,
        0.029201802855823456,
        -0.00017905192492344464,
        0.9993523281506066,
        0.035984610048888865,
        -0.015279386923793926,
        0,
        0,
        0,
        1
      ],
      "fov": 50,
      "aspect": 1
    },
    {
      "camera_to_world": [
        -0.4867489886379513,
        0.030770045176764647,
        -0.872999786013577,
        -0.03757480290215583,
        -0.8735418557485309,
        -0.017396943746734474,
        0.4864380460075936,
        0.02035038683391147,
        -0.00021980751683865594,
        0.9993750800715879,
        0.03534686713929145,
        -0.014828088435145038,
        0,
        0,
        0,
        1
      ],
      "fov": 50,
      "aspect": 1
    },
    {
      "camera_to_world": [
        -0.4800463034026777,
        0.030320414901973524,
        -0.8767190080234353,
        -0.04377202027944735,
        -0.8772431125603974,
        -0.016889182489912943,
        0.479749181323083,
        0.011571894822737036,
        -0.0002608730922852455,
        0.9993975324939492,
        0.03470596476450585,
        -0.014372975399339785,
        0,
        0,
        0,
        1
      ],
      "fov": 50,
      "aspect": 1
    },
    {
      "camera_to_world": [
        -0.4733423693787434,
        0.029863643218163368,
        -0.8803721736655785,
        -0.04988780720981299,
        -0.8808784879724257,
        -0.016389147189576982,
        0.4730586488817336,
        0.002856274948385588,
        -0.0003012944243424853,
        0.9994196109083193,
        0.03406391864617508,
        -0.013914270504038474,
        0,
        0,
        0,
        1
      ],
      "fov": 50,
      "aspect": 1
    },
    {
      "camera_to_world": [
        -0.4666375199567758,
        0.02940205299057376,
        -0.8839598091816897,
        -0.05593144069643975,
        -0.8844485905041156,
        -0.01589701569907817,
        0.4663667823153216,
        -0.005806524663057419,
        -0.00034018211723700273,
        0.9994412459828754,
        0.033422748305972055,
        -0.013452196436901423,
        0,
        0,
        0,
        1
      ],
      "fov": 50,
      "aspect": 1
    },
    {
      "camera_to_world": [
        -0.459932126699418,
        0.028937943058663356,
        -0.8874824135053516,
        -0.06191219774251457,
        -0.8879539948207136,
        -0.015412959363474647,
        0.4596739537602669,
        -0.014426555885506578,
        -0.0003767116756911316,
        0.999462373546495,
        0.03278447731960907,
        -0.01298697588558894,
        0,
        0,
        0,
        1
      ],
      "fov": 50,
      "aspect": 1
    },
    {
      "camera_to_world": [
        -0.4532266000402808,
        0.028473589485651575,
        -0.8909404602540677,
        -0.06783935535122447,
        -0.8913952438815193,
        -0.014937144598667644,
        0.4529805745246096,
        -0.023013870592876434,
        -0.00041012355963017735,
        0.9994829345281694,
        0.032151133504508836,
        -0.012518831537761338,
        0,
        0,
        0,
        1
      ],
      "fov": 50,
      "aspect": 1
    },
    {
      "camera_to_world": [
        -0.44652138987856205,
        0.02801124678000078,
        -0.8943343996709213,
        -0.0737221905257564,
        -0.8947728510769684,
        -0.01446973435996641,
        0.44628709567177216,
        -0.03157852065908155,
        -0.000439723220626435,
        0.9995028748539856,
        0.031524749041147625,
        -0.012047986081078927,
        0,
        0,
        0,
        1
      ],
      "fov": 50,
      "aspect": 1
    },
    {
      "camera_to_world": [
        -0.4398169860736932,
        0.027553149086124877,
        -0.8976646605144321,
        -0.07956998026929736,
        -0.898087302352394,
        -0.014010889504543636,
        0.4395940085222854,
        -0.0401305579580365,
        -0.0004648811164196017,
        0.9995221453028087,
        0.030907360528171144,
        -0.01157466220320202,
        0,
        0,
        0,
        1
      ],
      "fov": 50,
      "aspect": 1
    },
    {
      "camera_to_world": [
        -0.4331139188442807,
        0.02710151134170287,
        -0.9009316518950511,
        -0.08539200158503432,
        -0.9013390583163641,
        -0.013560770052054322,
        0.4329018450745682,
        -0.04868003436365583,
        -0.0004850326998337307,
        0.9995407013216574,
        0.030301008971472136,
        -0.01109908259179093,
        0,
        0,
        0,
        1
      ],
      "fov": 50,
      "aspect": 1
    },
    {
      "camera_to_world": [
        -0.42641275907551646,
        0.02665853039904513,
        -0.9041357650566472,
        -0.09119753147615428,
        -0.9045285563314869,
        -0.0131195363475204,
        0.42621117834578476,
        -0.05723700174985412,
        -0.0004996783784098988,
        0.9995585028016066,
        0.029707739707505045,
        -0.010621469934505965,
        0,
        0,
        0,
        1
      ],
      "fov": 50,
      "aspect": 1
    },
    {
      "camera_to_world": [
        -0.41971411853918167,
        0.026226386108013755,
        -0.9072773751012374,
        -0.09699584694584419,
        -0.9076562125855553,
        -0.012687350130432432,
        0.419522622633766,
        -0.06581151199054591,
        -0.0005083834410893814,
        0.9995755138149299,
        0.02912960226119861,
        -0.010142046919007443,
        0,
        0,
        0,
        1
      ],
      "fov": 50,
      "aspect": 1
    },
    {
      "camera_to_world": [
        -0.4130186500303117,
        0.025807242358034395,
        -0.9103568426551274,
        -0.10279622499729103,
        -0.9107224241408722,
        -0.012264375513885473,
        0.4128368337009525,
        -0.07441361695964578,
        -0.000510777948313614,
        0.9995917023140639,
        0.028568650138909864,
        -0.00966103623295567,
        0,
        0,
        0,
        1
      ],
      "fov": 50,
      "aspect": 1
    },
    {
      "camera_to_world": [
        -0.40632704742455944,
        0.02540324807676053,
        -0.9133745154745618,
        -0.10860794263368183,
        -0.9137275709595664,
        -0.011850779877448654,
        0.4061545088813211,
        -0.0830533685310683,
        -0.0005065565819533154,
        0.9996070397928613,
        0.028026940556943766,
        -0.009178660564010961,
        0,
        0,
        0,
        1
      ],
      "fov": 50,
      "aspect": 1
    },
    {
      "camera_to_world": [
        -0.3996400456602735,
        0.025016538182964197,
        -0.9163307299889025,
        -0.1144402768582035,
        -0.916672017902673,
        -0.011446734677366361,
        0.39947638711126277,
        -0.09174081857872801,
        -0.0004954784515389109,
        0.999621500910503,
        0.027506534106240786,
        -0.008695142599833623,
        0,
        0,
        0,
        1
      ],
      "fov": 50,
      "aspect": 1
    },
    {
      "camera_to_world": [
        -0.3929584206492984,
        0.024649234491230288,
        -0.919225812779322,
        -0.12030250467404308,
        -0.9195561167007137,
        -0.011052416177600445,
        0.39280324888541934,
        -0.10048601897653948,
        -0.0004773668533363045,
        0.9996350630783382,
        0.02700949435390964,
        -0.008210705028083973,
        0,
        0,
        0,
        1
      ],
      "fov": 50,
      "aspect": 1
    },
    {
      "camera_to_world": [
        -0.3862829891204988,
        0.024303446566028845,
        -0.9220600819909431,
        -0.12620390308438753,
        -0.9223802078934717,
        -0.010668006105147978,
        0.3861359161385232,
        -0.10929902159841726,
        -0.00045210897889543325,
        0.9996477060098485,
        0.02653788738235386,
        -0.00772557053642232,
        0,
        0,
        0,
        1
      ],
      "fov": 50,
      "aspect": 1
    },
    {
      "camera_to_world": [
        -0.3796146084000219,
        0.023981272522730517,
        -0.9248338486763386,
        -0.13215374909242383,
        -0.9251446227366298,
        -0.01029369223300462,
        0.3794752520543486,
        -0.11818987831827595,
        -0.0004196555697922079,
        0.9996594112338476,
        0.026093781266808225,
        -0.007239961812508977,
        0,
        0,
        0,
        1
      ],
      "fov": 50,
      "aspect": 1
    },
    {
      "camera_to_world": [
        -0.37295417613231846,
        0.023684799773118125,
        -0.9275474180683005,
        -0.1381613197013389,
        -0.9278496850728956,
        -0.009929668894089468,
        0.3728221608029521,
        -0.1271686410100301,
        -0.0003800205153866344,
        0.999670161570986,
        0.025679245492164084,
        -0.006754101544004256,
        0,
        0,
        0,
        1
      ],
      "fov": 50,
      "aspect": 1
    },
    {
      "camera_to_world": [
        -0.36630262994595747,
        0.023416105712932175,
        -0.9302010907797925,
        -0.14423589191431982,
        -0.9304957131652226,
        -0.009576137429400807,
        0.3661775872074601,
        -0.13624536154759426,
        -0.00033328039052950287,
        0.9996799405735687,
        0.025296350310020504,
        -0.0062682124185684685,
        0,
        0,
        0,
        1
      ],
      "fov": 50,
      "aspect": 1
    },
    {
      "camera_to_world": [
        -0.3596609470682887,
        0.02317725834897158,
        -0.9327951639290197,
        -0.15038674273455355,
        -0.9330830214897059,
        -0.009233306573632236,
        0.35954251634175094,
        -0.14543009180488298,
        -0.00027957393026607937,
        0.999688731928665,
        0.024947166036950345,
        -0.005782517123861924,
        0,
        0,
        0,
        1
      ],
      "fov": 50,
      "aspect": 1
    },
    {
      "camera_to_world": [
        -0.35303014389301846,
        0.022970316863254278,
        -0.9353299321876084,
        -0.15662314916522702,
        -0.9356119224857251,
        -0.008901392781443671,
        0.35291797306047784,
        -0.15473288365581084,
        -0.00021910143870636228,
        0.9996965188244641,
        0.02463376229501693,
        -0.005297238347544938,
        0,
        0,
        0,
        1
      ],
      "fov": 50,
      "aspect": 1
    },
    {
      "camera_to_world": [
        -0.34641127550477535,
        0.022797332111726503,
        -0.9378056887499363,
        -0.16295438820952723,
        -0.938082728260895,
        -0.008580620497549468,
        0.3463050214629772,
        -0.1641637889742924,
        -0.00015212412935613345,
        0.9997032832798264,
        0.024358207195616634,
        -0.00481259877727782,
        0,
        0,
        0,
        1
      ],
      "fov": 50,
      "aspect": 1
    },
    {
      "camera_to_world": [
        -0.33980543516475503,
        0.02266034705499457,
        -0.9402227262217387,
        -0.16938973687064118,
        -0.9404957522483947,
        -0.008271222373755441,
        0.33970476429271645,
        -0.17373285963424226,
        -0.000078963394330501,
        0.9997090054369778,
        0.024122566467755235,
        -0.004328821100720881,
        0,
        0,
        0,
        1
      ],
      "fov": 50,
      "aspect": 1
    },
    {
      "camera_to_world": [
        -0.3332137537615253,
        0.022561397118540726,
        -0.9425813374262262,
        -0.17593847215175593,
        -0.9428513108142522,
        -0.007973439436045452,
        0.33311834227404247,
        -0.18345014750957497,
        -9.194034422677075e-17,
        0.9997136628173187,
        0.0239289025318919,
        -0.0038461280055344313,
        0,
        0,
        0,
        1
      ],
      "fov": 50,
      "aspect": 1
    },
    {
      "camera_to_world": [
        -0.3266460182139742,
        0.02250116064689007,
        -0.9448788687204824,
        -0.1825703315478787,
        -0.9451467464739444,
        -0.007691763789557298,
        0.3265554537892811,
        -0.19329514607591144,
        0.00008009165788862902,
        0.9997172272894712,
        0.023779382792197025,
        -0.003363000052772258,
        0,
        0,
        0,
        1
      ],
      "fov": 50,
      "aspect": 1
    },
    {
      "camera_to_world": [
        -0.32010931520116825,
        0.022477742350534596,
        -0.9471139199802008,
        -0.18924738607756772,
        -0.947380600303285,
        -0.007429838012909635,
        0.3200231174088668,
        -0.20323745699079165,
        0.0001564941741066406,
        0.9997197350287356,
        0.023673337399880146,
        -0.002877836099173715,
        0,
        0,
        0,
        1
      ],
      "fov": 50,
      "aspect": 1
    },
    {
      "camera_to_world": [
        -0.31360081007659424,
        0.02248931829080427,
        -0.9492885559628952,
        -0.19596741302933615,
        -0.949554885012649,
        -0.0071866413285352785,
        0.3135185361904939,
        -0.21327229440100848,
        0.00022862178146653908,
        0.9997212525245375,
        0.023608578585996104,
        -0.0023907362759274776,
        0,
        0,
        0,
        1
      ],
      "fov": 50,
      "aspect": 1
    },
    {
      "camera_to_world": [
        -0.30711774576307294,
        0.02253407094812653,
        -0.9514047014199126,
        -0.20272818969169715,
        -0.9516714783191982,
        -0.006961159925914077,
        0.3070389871111451,
        -0.22339487245335488,
        0.00029595803855290634,
        0.9997218402630759,
        0.02358292835609624,
        -0.0019018007142222173,
        0,
        0,
        0,
        1
      ],
      "fov": 50,
      "aspect": 1
    },
    {
      "camera_to_world": [
        -0.30065744476329964,
        0.02261018640015998,
        -0.9534641474011246,
        -0.20952749335316376,
        -0.9537321283809846,
        -0.006752385617471024,
        0.3005818234397255,
        -0.23360040529462378,
        0.000358053460786544,
        0.9997215536135166,
        0.02359421620432066,
        -0.0014111295452466097,
        0,
        0,
        0,
        1
      ],
      "fov": 50,
      "aspect": 1
    },
    {
      "camera_to_world": [
        -0.29421731114534727,
        0.02271585160705278,
        -0.9554685572577302,
        -0.2163631013022492,
        -0.9557384589901083,
        -0.006559314679514961,
        0.2941444770825187,
        -0.24388410707160812,
        0.00041452335900502013,
        0.9997204436624779,
        0.02364027693753569,
        -0.000918822900189328,
        0,
        0,
        0,
        1
      ],
      "fov": 50,
      "aspect": 1
    },
    {
      "camera_to_world": [
        -0.28779483252122035,
        0.022849251809647628,
        -0.9574194723661212,
        -0.22323279082746658,
        -0.957691974544225,
        -0.006380946867972347,
        0.28772446091817067,
        -0.25424119193110084,
        0.0004650458757840607,
        0.999718557999604,
        0.023718948617634544,
        -0.0004249809102390465,
        0,
        0,
        0,
        1
      ],
      "fov": 50,
      "aspect": 1
    },
    {
      "camera_to_world": [
        -0.2813875820337911,
        0.02300856804640616,
        -0.9593183175951716,
        -0.23013433921732904,
        -0.9595940648156143,
        -0.006216284599485388,
        0.2813193711361255,
        -0.26466687401989486,
        0.0005093602098866345,
        0.999715941456488,
        0.02382807062992063,
        0.00007029629341556113,
        0,
        0,
        0,
        1
      ],
      "fov": 50,
      "aspect": 1
    },
    {
      "camera_to_world": [
        -0.274993220364844,
        0.023191974794851338,
        -0.9611664065386841,
        -0.23706552376034967,
        -0.9614460095368699,
        -0.006064332289146332,
        0.2749268895897888,
        -0.2751563674847831,
        0.0005472650193779654,
        0.9997126368006968,
        0.02396548188534434,
        0.0005669085795858208,
        0,
        0,
        0,
        1
      ],
      "fov": 50,
      "aspect": 1
    },
    {
      "camera_to_world": [
        -0.2686094977744919,
        0.02339763774341296,
        -0.9629649465340694,
        -0.24402412174504168,
        -0.9632489828220477,
        -0.005924095836732474,
        0.2685447861731964,
        -0.2857048864725586,
        0.0005786169940809519,
        0.9997086853861705,
        0.024129019164253945,
        0.0010647558170830585,
        0,
        0,
        0,
        1
      ],
      "fov": 50,
      "aspect": 1
    },
    {
      "camera_to_world": [
        -0.262234256179871,
        0.02362371169969248,
        -0.9647150434876195,
        -0.25100791045991816,
        -0.9650040574418317,
        -0.005794582253791128,
        0.2621709212275576,
        -0.2963076451300141,
        0.0006033295881639115,
        0.999704127760826,
        0.02431651560923531,
        0.001563737874718601,
        0,
        0,
        0,
        1
      ],
      "fov": 50,
      "aspect": 1
    },
    {
      "camera_to_world": [
        -0.25586543127878414,
        0.023868338641325787,
        -0.9664177065260263,
        -0.2580146671934922,
        -0.9667122089709425,
        -0.005674799424303252,
        0.2558032479817543,
        -0.3069598576039426,
        0.0006213719037491857,
        0.9996990042317722,
        0.024525799374542502,
        0.0020637546213037737,
        0,
        0,
        0,
        1
      ],
      "fov": 50,
      "aspect": 1
    },
    {
      "camera_to_world": [
        -0.24950105472179404,
        0.024129645915803133,
        -0.9680738524930267,
        -0.26504216923427704,
        -0.9683743198256187,
        -0.005563755991931323,
        0.24943981502866167,
        -0.31765673804113714,
        0.0006327677165049182,
        0.9996933553881611,
        0.024754692439550443,
        0.002564705925649903,
        0,
        0,
        0,
        1
      ],
      "fov": 50,
      "aspect": 1
    },
    {
      "camera_to_world": [
        -0.24313925633419334,
        0.024405744595790896,
        -0.969684310309278,
        -0.2720881938707858,
        -0.9699911832085578,
        -0.0054604613670342335,
        0.24307876883701976,
        -0.3283935005883906,
        0.0006375946342325511,
        0.9996872225813352,
        0.02500100959357937,
        0.0030664916565683142,
        0,
        0,
        0,
        1
      ],
      "fov": 50,
      "aspect": 1
    },
    {
      "camera_to_world": [
        -0.23677826638726104,
        0.024694727996678805,
        -0.971249825212758,
        -0.27915051839153154,
        -0.9715635069782029,
        -0.005363925846713286,
        0.23671835629652102,
        -0.33916535939249587,
