{
  "keyframes": [
    {
      "matrix": "[0.7823461973614902,0.622843859917902,5.551115251810108e-17,0,-0.257849580440907,0.32388155640771554,0.9102825868194937,0,0.566963904743726,-0.7121561011710751,0.4139875208780346,0,0.3594518964613425,-0.5194403331676393,-0.10939939915131824,1]",
      "fov": 50,
      "aspect": 1,
      "properties": "[[\"FOV\",50],[\"NAME\",\"Camera 0\"],[\"TIME\",0]]"
    },
    {
      "matrix": "[0.39986866109915103,0.9165724740762116,1.1102230503620216e-16,0,-0.331520684080466,0.1446309329805466,0.9322960827083967,0,0.8545169041196454,-0.372795976315238,0.3616961014126722,0,0.543798294749106,-0.3018810766986263,-0.14292273175683978,1]",
      "fov": 50,
      "aspect": 1,
      "properties": "[[\"FOV\",50],[\"NAME\",\"Camera 1\"],[\"TIME\",0.11111111111111113]]"
    },
    {
      "matrix": "[-0.011839796223692923,0.9999299303395195,0,0,-0.3283888555445352,-0.003888329585712883,0.9445346457534568,0,0.9444684371325606,0.011183097431199412,0.3284118736471069,0,0.6011583667436045,-0.05759394373328901,-0.16413232361945623,1]",
      "fov": 50,
      "aspect": 1,
      "properties": "[[\"FOV\",50],[\"NAME\",\"Camera 2\"],[\"TIME\",0.22222222222222227]]"
    },
    {
      "matrix": "[-0.3759325446119998,0.9266470570098206,0,0,-0.2751892560738477,-0.11164185598296082,0.9548858706230953,0,0.884842157997685,0.358972665503774,0.296973113280135,0,0.5638431834448296,0.16005893802164367,-0.1838072576049585,1]",
      "fov": 50,
      "aspect": 1,
      "properties": "[[\"FOV\",50],[\"NAME\",\"Camera 3\"],[\"TIME\",0.33333333333333337]]"
    },
    {
      "matrix": "[-0.7674265551775594,0.6411369032989128,5.551115251810108e-17,0,-0.10043390167137846,-0.12021713737911807,0.9876542552213597,0,0.6332215736938136,0.7579520824078892,0.1566497001033038,0,0.40946867475919946,0.404678669194411,-0.26825333158005205,1]",
      "fov": 50,
      "aspect": 1,
      "properties": "[[\"FOV\",50],[\"NAME\",\"Camera 4\"],[\"TIME\",0.44444444444444453]]"
    },
    {
      "matrix": "[-0.97252925914698,0.23278076910784862,-4.163336438857581e-17,0,-0.03700850846833157,-0.15461697055466825,0.9872811247556956,0,0.22982005336589606,0.9601597550075213,0.15898439261441352,0,0.14314217893690453,0.4908501320746175,-0.2737673910409494,1]",
      "fov": 50,
      "aspect": 1,
      "properties": "[[\"FOV\",50],[\"NAME\",\"Camera 5\"],[\"TIME\",0.5555555555555556]]"
    },
    {
      "matrix": "[-0.9689742751673467,-0.24716168883411158,2.775557625905054e-17,0,0.03640748549205923,-0.142732140372335,0.989091546666082,0,-0.24446553051128478,0.9584042387311943,0.1473023038994858,0,-0.11550945118873886,0.4254486991523331,-0.2904381335899697,1]",
      "fov": 50,
      "aspect": 1,
      "properties": "[[\"FOV\",50],[\"NAME\",\"Camera 6\"],[\"TIME\",0.6666666666666666]]"
    },
    {
      "matrix": "[-0.6686042651070405,-0.7436184391501393,5.551115251810108e-17,0,0.09734943974304232,-0.08752909717027256,0.9913938673966555,0,-0.737218740430992,0.6628501503167832,0.1309131626023146,0,-0.3716732875218393,0.26584721637084957,-0.2997957216894419,1]",
      "fov": 50,
      "aspect": 1,
      "properties": "[[\"FOV\",50],[\"NAME\",\"Camera 7\"],[\"TIME\",0.7777777777777777]]"
    },
    {
      "matrix": "[-0.18509829660833355,-0.9827200348807938,5.551115251810108e-17,0,0.11712491239092562,-0.02206083218461151,0.9928721625477095,0,-0.975715339971796,0.1837789410951697,0.1191844172442075,0,-0.5843781101652824,0.019533913265014274,-0.2961455132582378,1]",
      "fov": 50,
      "aspect": 1,
      "properties": "[[\"FOV\",50],[\"NAME\",\"Camera 8\"],[\"TIME\",0.8888888888888888]]"
    },
    {
      "matrix": "[0.5158840129499778,-0.8566584684377095,0,0,0.1121478671895952,0.0675360063562559,0.9913938673966555,0,-0.8492859292232798,-0.5114442329726582,0.13091316260231492,0,-0.6204571522421803,-0.37868035090450225,-0.2772786570364129,1]",
      "fov": 50,
      "aspect": 1,
      "properties": "[[\"FOV\",50],[\"NAME\",\"Camera 9\"],[\"TIME\",1]]"
    }
  ],
  "camera_type": "perspective",
  "render_height": 1080,
  "render_width": 1920,
  "camera_path": [
    {
      "camera_to_world": [
        0.7823461792253703,
        -0.25784957314615903,
        0.5669638908077026,
        0.3594518964613425,
        0.6228438454793184,
        0.3238815472448761,
        -0.7121560836662145,
        -0.5194403331676393,
        2.7755575615628914e-17,
        0.9102825610669518,
        0.4139875107021845,
        -0.10939939915131824,
        0,
        0,
        0,
        1
      ],
      "fov": 50,
      "aspect": 1
    },
    {
      "camera_to_world": [
        0.7536349828294041,
        -0.2695022867278608,
        0.5995021518761863,
        0.37724009992573704,
        0.6572895236594363,
        0.31204095810097493,
        -0.6860035878586768,
        -0.4991505978163808,
        -0.002189690223610985,
        0.9110427859962887,
        0.4123060117689834,
        -0.11259125159672569,
        0,
        0,
        0,
        1
      ],
      "fov": 50,
      "aspect": 1
    },
    {
      "camera_to_world": [
        0.722270630668959,
        -0.2806364454264135,
        0.6321141681464606,
        0.39583049362275813,
        0.691600295747992,
        0.2980471855267511,
        -0.6579186166395298,
        -0.4790297061673544,
        -0.003763906794055195,
        0.9123656398056702,
        0.40935897731408755,
        -0.11586089164997558,
        0,
        0,
        0,
        1
      ],
      "fov": 50,
      "aspect": 1
    },
    {
      "camera_to_world": [
        0.688620713833682,
        -0.2909200192897694,
        0.664204076211243,
        0.41490917702659535,
        0.7251063596098578,
        0.28223248812023133,
        -0.628144561309579,
        -0.4590115889457735,
        -0.004720141155752393,
        0.9141719559393101,
        0.40529909356124416,
        -0.1191778806819122,
        0,
        0,
        0,
        1
      ],
      "fov": 50,
      "aspect": 1
    },
    {
      "camera_to_world": [
        0.6531189230524446,
        -0.30009995794469035,
        0.6952522474558497,
        0.4341622496114383,
        0.7572382463590197,
        0.264996470196261,
        -0.5969649144084088,
        -0.43903017687685175,
        -0.005090245763398366,
        0.9163606746391495,
        0.40032137511373406,
        -0.12251178006337977,
        0,
        0,
        0,
        1
      ],
      "fov": 50,
      "aspect": 1
    },
    {
      "camera_to_world": [
        0.6162297155787392,
        -0.3080203342842852,
        0.7248340577712553,
        0.45327581085147667,
        0.7875509740137858,
        0.24677766828726821,
        -0.5646806582172234,
        -0.41901940068580273,
        -0.004939733564050115,
        0.9188167696021313,
        0.39465344662148844,
        -0.1258321511652226,
        0,
        0,
        0,
        1
      ],
      "fov": 50,
      "aspect": 1
    },
    {
      "camera_to_world": [
        0.5784110569798822,
        -0.31462850090704875,
        0.7526284312862481,
        0.4719359602209,
        0.8157337815696935,
        0.22802282324788517,
        -0.5315862956134886,
        -0.39891319109783996,
        -0.004364260466914072,
        0.9214198274918154,
        0.38854401904485675,
        -0.12910855535828486,
        0,
        0,
        0,
        1
      ],
      "fov": 50,
      "aspect": 1
    },
    {
      "camera_to_world": [
        0.5400805607394503,
        -0.31997021020178207,
        0.7784163747601847,
        0.489828797193898,
        0.8416061124360121,
        0.20915870138018489,
        -0.49794757670591916,
        -0.37864547883817695,
        -0.003484167289850599,
        0.9240517854646363,
        0.3822514334282008,
        -0.13231055401341088,
        0,
        0,
        0,
        1
      ],
      "fov": 50,
      "aspect": 1
    },
    {
      "camera_to_world": [
        0.5015887224725528,
        -0.32417672875317977,
        0.8020711951087882,
        0.5066404212446602,
        0.8651027737481762,
        0.19056989316046297,
        -0.46398308878020716,
        -0.35815019463202735,
        -0.0024381020414028787,
        0.9266027003822604,
        0.3760338964810735,
        -0.1354077085014449,
        0,
        0,
        0,
        1
      ],
      "fov": 50,
      "aspect": 1
    },
    {
      "camera_to_world": [
        0.4632007788521112,
        -0.32744790495089154,
        0.8235428999232947,
        0.5220569318473764,
        0.8862523022955515,
        0.17258402595274813,
        -0.4298506841471531,
        -0.3373612692046045,
        -0.0013766432478706512,
        0.928973962783249,
        0.37014251488332855,
        -0.1383695801932312,
        0,
        0,
        0,
        1
      ],
      "fov": 50,
      "aspect": 1
    },
    {
      "camera_to_world": [
        0.42508671644757456,
        -0.33003496790121317,
        0.8428393699052416,
        0.5357644284762361,
        0.905152514789351,
        0.155463963970957,
        -0.39563857354528875,
        -0.31621263328112226,
        -0.00045658551575142314,
        0.9310788773615704,
        0.364817647134544,
        -0.14116573045961403,
        0,
        0,
        0,
        1
      ],
      "fov": 50,
      "aspect": 1
    },
    {
      "camera_to_world": [
        0.3872699519523004,
        -0.33221584664518156,
        0.8600317526421266,
        0.547497669442811,
        0.9219663517886427,
        0.13936988174456408,
        -0.36132268435852033,
        -0.2946264346578005,
        0.00017459783397215378,
        0.9328497560166543,
        0.36026559954464826,
        -0.14376682238462848,
        0,
        0,
        0,
        1
      ],
      "fov": 50,
      "aspect": 1
    },
    {
      "camera_to_world": [
        0.3491397628513351,
        -0.3340710877936441,
        0.875498677495566,
        0.5576919920056672,
        0.9370704973256793,
        0.12391605026330721,
        -0.3264103177427846,
        -0.27244208565398176,
        0.0005559117894015085,
        0.9343668020576892,
        0.356312180783326,
        -0.1461736532997666,
        0,
        0,
        0,
        1
      ],
      "fov": 50,
      "aspect": 1
    },
    {
      "camera_to_world": [
        0.31054959080817574,
        -0.33556037455472504,
        0.889358300505239,
        0.5665927337960485,
        0.9505568847723729,
        0.10889157080328332,
        -0.2908336889355076,
        -0.2497296967509274,
        0.0007486392433773695,
        0.9357039386668659,
        0.35278545704520914,
        -0.14841304670728142,
        0,
        0,
        0,
        1
      ],
      "fov": 50,
      "aspect": 1
    },
    {
      "camera_to_world": [
        0.27157672778895137,
        -0.336649106051089,
        0.9016171362160594,
        0.5742797653202718,
        0.962416468947722,
        0.0942290791230135,
        -0.25470653887528555,
        -0.22662117506363508,
        0.0007881761505639381,
        0.9369035489540166,
        0.3495870688908904,
        -0.15051164767895428,
        0,
        0,
        0,
        1
      ],
      "fov": 50,
      "aspect": 1
    },
    {
      "camera_to_world": [
        0.23232791627627275,
        -0.3372955810222306,
        0.912280346352809,
        0.5808329570846547,
        0.9726372559942669,
        0.07988066238903371,
        -0.2181647268195116,
        -0.2032484277071026,
        0.0007124399399839053,
        0.938003609161055,
        0.346624756228067,
        -0.15249610128656646,
        0,
        0,
        0,
        1
      ],
      "fov": 50,
      "aspect": 1
    },
    {
      "camera_to_world": [
        0.19293867865240524,
        -0.33745427061658534,
        0.9213573039394067,
        0.5863321795955139,
        0.9812106562969258,
        0.06581825755780749,
        -0.18136594206578657,
        -0.17974336179632772,
        0.0005605793610488977,
        0.9390381100970729,
        0.34381261398630714,
        -0.1543930526018992,
        0,
        0,
        0,
        1
      ],
      "fov": 50,
      "aspect": 1
    },
    {
      "camera_to_world": [
        0.15357157376242447,
        -0.3370792039311114,
        0.9288667191848895,
        0.5908573033591665,
        0.988137456801676,
        0.052033576032859456,
        -0.1444883158969909,
        -0.15623788444630798,
        0.0003717494428049778,
        0.9400372956656565,
        0.3410714654730749,
        -0.15622914669673385,
        0,
        0,
        0,
        1
      ],
      "fov": 50,
      "aspect": 1
    },
    {
      "camera_to_world": [
        0.11441336232842825,
        -0.3361273641499577,
        0.9348411509932077,
        0.5944881988819299,
        0.9934332129944865,
        0.03853742034735811,
        -0.107727984072952,
        -0.13286390277204127,
        0.00018395693779666572,
        0.9410277691452961,
        0.33832928318026556,
        -0.1580310286428516,
        0,
        0,
        0,
        1
      ],
      "fov": 50,
      "aspect": 1
    },
    {
      "camera_to_world": [
        0.07567114912301748,
        -0.33456193184743344,
        0.9393307143647095,
        0.597304736670121,
        0.9971328277122985,
        0.02535830714199286,
        -0.07129572327544005,
        -0.10975332388852518,
        0.000032998148723380194,
        0.9420325206793052,
        0.3355215773891696,
        -0.1598253435120338,
        0,
        0,
        0,
        1
      ],
      "fov": 50,
      "aspect": 1
    },
    {
      "camera_to_world": [
        0.03756766778613628,
        -0.33235517358234734,
        0.9424058090494551,
        0.5993867872300571,
        0.9992940848354309,
        0.012540378533849912,
        -0.035412863752404114,
        -0.08703805491075745,
        -0.00004847709850096077,
        0.9430709291984751,
        0.3325916717999647,
        -0.16163873637606174,
        0,
        0,
        0,
        1
      ],
      "fov": 50,
      "aspect": 1
    },
    {
      "camera_to_world": [
        0.0003359695703440346,
        -0.32949076451559073,
        0.9441587383609705,
        0.600814221068055,
        0.9999999430586585,
        0.00014066201508576202,
        -0.0003067521430001709,
        -0.06485000295373579,
        -0.00003173527258476276,
        0.944158787658691,
        0.3294907930121014,
        -0.16349785230671665,
        0,
        0,
        0,
        1
      ],
      "fov": 50,
      "aspect": 1
    },
    {
      "camera_to_world": [
        -0.03583494249896371,
        -0.3261802943166783,
        0.9446281133311569,
        0.6016408433638213,
        0.9993576973417776,
        -0.011906940182857637,
        0.033799667738335454,
        -0.043308484841736494,
        0.00022284486978355576,
        0.9452325853328201,
        0.32639747236337024,
        -0.16528555813155144,
        0,
        0,
        0,
        1
      ],
      "fov": 50,
      "aspect": 1
    },
    {
      "camera_to_world": [
        -0.07103538212574931,
        -0.3230394640821339,
        0.9437157830256822,
        0.6017992186906359,
        0.9974733125148928,
        -0.02393724024310886,
        0.0668879611747209,
        -0.02238207954451657,
        0.0009825002880709292,
        0.9460827200488715,
        0.32392363531874696,
        -0.16662476491097006,
        0,
        0,
        0,
        1
      ],
      "fov": 50,
      "aspect": 1
    },
    {
      "camera_to_world": [
        -0.10542115892011106,
        -0.3199432965092669,
        0.9415533263021931,
        0.6012300027454734,
        0.9944255783496843,
        -0.035856990161266006,
        0.09915667088235124,
        -0.0019400380395548653,
        0.0020367562045411278,
        0.9467579222142047,
        0.32193988312851995,
        -0.16764088915431036,
        0,
        0,
        0,
        1
      ],
      "fov": 50,
      "aspect": 1
    },
    {
      "camera_to_world": [
        -0.1391718243278178,
        -0.31671335418902125,
        0.9382557511636189,
        0.5998778638120992,
        0.9902631948071554,
        -0.04753740257302526,
        0.13083959785529797,
        0.018150137511005388,
        0.0031635934620270686,
        0.9473293232213124,
        0.32024544499720414,
        -0.16849783374326183,
        0,
        0,
        0,
        1
      ],
      "fov": 50,
      "aspect": 1
    },
    {
      "camera_to_world": [
        -0.1724883082047014,
        -0.3131733552408077,
        0.9339005477565022,
        0.5976874701742784,
        0.9850027595878217,
        -0.05884918991549437,
        0.16219228234002503,
        0.03802094494502049,
        0.004164989442516581,
        0.9478708891054229,
        0.3186274163493135,
        -0.1693595015595141,
        0,
        0,
        0,
        1
      ],
      "fov": 50,
      "aspect": 1
    },
    {
      "camera_to_world": [
        -0.20558686077627908,
        -0.3091469572793119,
        0.9285268986308894,
        0.5946034901157762,
        0.9786267630150954,
        -0.06966296183599151,
        0.1934857370940646,
        0.05780488210034766,
        0.004868407003440239,
        0.9484593984737463,
        0.31686127573445827,
        -0.17038979548475666,
        0,
        0,
        0,
        1
      ],
      "fov": 50,
      "aspect": 1
    },
    {
      "camera_to_world": [
        -0.23869456337450612,
        -0.3044551547351387,
        0.9221344610037392,
        0.5905705919203579,
        0.9710811505434738,
        -0.07984904548564965,
        0.2250011755395827,
        0.0776344468148433,
        0.005128788806080851,
        0.9491739507014684,
        0.31471019499715797,
        -0.17175261840067912,
        0,
        0,
        0,
        1
      ],
      "fov": 50,
      "aspect": 1
    },
    {
      "camera_to_world": [
        -0.27204574119051966,
        -0.2989133388852536,
        0.9146813273138195,
        0.5855334438717891,
        0.9622721922458137,
        -0.08927663131678885,
        0.25702511770479164,
        0.0976421369263638,
        0.004831431520432346,
        0.9500949946911603,
        0.3119233212381973,
        -0.17361187318897092,
        0,
        0,
        0,
        1
      ],
      "fov": 50,
      "aspect": 1
    },
    {
      "camera_to_world": [
        -0.30587849563709807,
        -0.29232808388388476,
        0.9060809220370785,
        0.5794367142538344,
        0.952062585213238,
        -0.09781212400674996,
        0.28984413437979734,
        0.11796045027276636,
        0.0038961190782116906,
        0.9513028328403446,
        0.30823325661917755,
        -0.17613146273132174,
        0,
        0,
        0,
        1
      ],
      "fov": 50,
      "aspect": 1
    },
    {
      "camera_to_world": [
        -0.3404304382456184,
        -0.28449376976997315,
        0.8961977525512801,
        0.5722250713502595,
        0.940266932858817,
        -0.10531655041452079,
        0.3237383498769627,
        0.1387218846919075,
        0.002282912212339478,
        0.9528755003518851,
        0.3033530437311871,
        -0.1794752899094211,
        0,
        0,
        0,
        1
      ],
      "fov": 50,
      "aspect": 1
    },
    {
      "camera_to_world": [
        -0.37593253589724135,
        -0.27518924828854796,
        0.8848421362481861,
        0.5638431834448298,
        0.9266470355285605,
        -0.11164185282453322,
        0.35897265668019335,
        0.16005893802164337,
        1.52655665885959e-16,
        0.9548858436086951,
        0.29697310598050936,
        -0.18380725760495842,
        0,
        0,
        0,
        1
      ],
      "fov": 50,
      "aspect": 1
    },
    {
      "camera_to_world": [
        -0.4130486952767274,
        -0.2636958250914803,
        0.8716967862505383,
        0.5543229680705194,
        0.9107040370082042,
        -0.11645648331380921,
        0.3963029705555333,
        0.18258489726951715,
        -0.002988696564159052,
        0.9575502072076972,
        0.2882510509423053,
        -0.18954487277978516,
        0,
        0,
        0,
        1
      ],
      "fov": 50,
      "aspect": 1
    },
    {
      "camera_to_world": [
        -0.4519052091973802,
        -0.24973875337576323,
        0.8563949071325634,
        0.5437416472052055,
        0.8920436107676817,
        -0.11971423839261791,
        0.4358058026399288,
        0.20651916285279076,
        -0.006314933794528148,
        0.9608845176130143,
        0.2768773472546564,
        -0.1967595583067629,
        0,
        0,
        0,
        1
      ],
      "fov": 50,
      "aspect": 1
    },
    {
      "camera_to_world": [
        -0.49187155754018047,
        -0.23375823563291065,
        0.8387010541049685,
        0.5321118458000068,
        0.8706172265325185,
        -0.12167112932050335,
        0.4766778588886824,
        0.2314034027239014,
        -0.00938167084384385,
        0.9646518665112622,
        0.2633605146724083,
        -0.20509609093409703,
        0,
        0,
        0,
        1
      ],
      "fov": 50,
      "aspect": 1
    },
    {
      "camera_to_world": [
        -0.5322693274031736,
        -0.21621761219356767,
        0.8184982023701001,
        0.5194461888060427,
        0.8464942277464136,
        -0.1225682566025127,
        0.5180970419384998,
        0.2567792848352864,
        -0.011699807595699316,
        0.9686211677692848,
        0.24826628416176658,
        -0.21419924740999305,
        0,
        0,
        0,
        1
      ],
      "fov": 50,
      "aspect": 1
    },
    {
      "camera_to_world": [
        -0.572401733202705,
        -0.19761476363143624,
        0.795804411285481,
        0.5057573011744317,
        0.8198715188112761,
        -0.1226393310622103,
        0.5592586942718952,
        0.2821884771393825,
        -0.012920854020958775,
        0.9725780172672549,
        0.23221768205686646,
        -0.22371380448265615,
        0,
        0,
        0,
        1
      ],
      "fov": 50,
      "aspect": 1
    },
    {
      "camera_to_world": [
        -0.6115949249705506,
        -0.17848914206390526,
        0.7707744637152671,
        0.4910578078562932,
        0.7910665101448056,
        -0.12212083408775318,
        0.5994166150592005,
        0.30717264758862695,
        -0.012861736958317785,
        0.9763340248332035,
        0.2158852650724744,
        -0.23328453890029174,
        0,
        0,
        0,
        1
      ],
      "fov": 50,
      "aspect": 1
    },
    {
      "camera_to_world": [
        -0.6492425616617777,
        -0.15942361785765716,
        0.7436855559952933,
        0.47536033380274567,
        0.7604942119546979,
        -0.12126409309951294,
        0.637921290840928,
        0.3312734641354568,
        -0.011517365595311179,
        0.9797342138528837,
        0.19997054907114598,
        -0.24255622741110527,
        0,
        0,
        0,
        1
      ],
      "fov": 50,
      "aspect": 1
    },
    {
      "camera_to_world": [
        -0.6848446382223132,
        -0.14104133709553485,
        0.7149091989395945,
        0.4586775039649082,
        0.7286328010669203,
        -0.12034816862569181,
        0.674248143874209,
        0.3540325947323092,
        -0.009058846920160415,
        0.9826615182954637,
        0.1851871425173231,
        -0.251173646763302,
        0,
        0,
        0,
        1
      ],
      "fov": 50,
      "aspect": 1
    },
    {
      "camera_to_world": [
        -0.7180332054927796,
        -0.12399896739386415,
        0.6848741285046611,
        0.4410219432939,
        0.6959845281123961,
        -0.11969253149813894,
        0.7080107587683483,
        0.37499170733162096,
        -0.005818284792716844,
        0.9850370317855174,
        0.17224457487319708,
        -0.2587815737050873,
        0,
        0,
        0,
        1
      ],
      "fov": 50,
      "aspect": 1
    },
    {
      "camera_to_world": [
        -0.7485808482900328,
        -0.10897863954209337,
        0.6540262759988542,
        0.4224062767408395,
        0.6630396585020847,
        -0.11966910682441104,
        0.7389571815235891,
        0.39369246988582945,
        -0.002263808033821868,
        0.9868145524846107,
        0.1618391614467395,
        -0.26502478498466653,
        0,
        0,
        0,
        1
      ],
      "fov": 50,
      "aspect": 1
    },
    {
      "camera_to_world": [
        -0.7764727242441748,
        -0.09662080871177818,
        0.6226993880105486,
        0.40278397131922283,
        0.6301500059973845,
        -0.12068462974353987,
        0.7670372807661705,
        0.4097666620773712,
        0.0010384827038712743,
        0.9879775500827671,
        0.1545939264205651,
        -0.2695778036648348,
        0,
        0,
        0,
        1
      ],
      "fov": 50,
      "aspect": 1
    },
    {
      "camera_to_world": [
        -0.8027415508044344,
        -0.08655181088046865,
        0.5900125309223554,
        0.3814824753886589,
        0.5963155725199527,
        -0.12265914213569669,
        0.7933236872933621,
        0.4240682421100547,
        0.0037068291426362024,
        0.9886675471986763,
        0.15007578263617605,
        -0.2726433428501434,
        0,
        0,
        0,
        1
      ],
      "fov": 50,
      "aspect": 1
    },
    {
      "camera_to_world": [
        -0.8276551470386494,
        -0.0783012358499866,
        0.5557480310759513,
        0.3585398965172577,
        0.5612088418186965,
        -0.12538197715139657,
        0.8181222376088576,
        0.4369394428606195,
        0.0056208046531686096,
        0.9890137897269033,
        0.14771638461957926,
        -0.2745202716305294,
        0,
        0,
        0,
        1
      ],
      "fov": 50,
      "aspect": 1
    },
    {
      "camera_to_world": [
        -0.851138619529707,
        -0.07156076748968174,
        0.5200404858290866,
        0.33425194317302126,
        0.5248979050058283,
        -0.12871234509694598,
        0.8413770388714783,
        0.44839725972615085,
        0.006726043826578064,
        0.9890966528989633,
        0.14711414465818903,
        -0.2754312824042405,
        0,
        0,
        0,
        1
      ],
      "fov": 50,
      "aspect": 1
    },
    {
      "camera_to_world": [
        -0.873109672628541,
        -0.06601473776756044,
        0.48303369857595074,
        0.30891432382395256,
        0.4874731354713338,
        -0.13250394626615028,
        0.8630252872411353,
        0.4584586881037341,
        0.0070314832168505426,
        0.9889816775963938,
        0.1478708883532988,
        -0.27559906756952485,
        0,
        0,
        0,
        1
      ],
      "fov": 50,
      "aspect": 1
    },
    {
      "camera_to_world": [
        -0.8934846256820393,
        -0.06133795506241123,
        0.44488524243740407,
        0.2828227469380531,
        0.4490451559676633,
        -0.1365975364780821,
        0.8830059801213671,
        0.4671407233904549,
        0.006608447003878899,
        0.9887258307017578,
        0.14959131034694587,
        -0.2752463195246303,
        0,
        0,
        0,
        1
      ],
      "fov": 50,
      "aspect": 1
    },
    {
      "camera_to_world": [
        -0.9121847206678381,
        -0.05719535583525146,
        0.40576807002401927,
        0.25627292098332577,
        0.4097411341699574,
        -0.14081311847750055,
        0.901267922780878,
        0.47446036098339855,
        0.005589127772328714,
        0.9883826976103539,
        0.15188286511395627,
        -0.2745957306678047,
        0,
        0,
        0,
        1
      ],
      "fov": 50,
      "aspect": 1
    },
    {
      "camera_to_world": [
        -0.9291418624288297,
        -0.05324368586993668,
        0.36586952510050563,
        0.22956055442777173,
        0.3696999587540548,
        -0.14494219933273764,
        0.9177764974926298,
        0.48043459627965085,
        0.0041641301055832325,
        0.9880065125127326,
        0.15435605350257992,
        -0.2738699933972961,
        0,
        0,
        0,
        1
      ],
      "fov": 50,
      "aspect": 1
    },
    {
      "camera_to_world": [
        -0.9443030391986578,
        -0.049135215631230106,
        0.32538823080291474,
        0.20298135573939463,
        0.32906704396191394,
        -0.14874050687888035,
        0.9325187087622326,
        0.48508042467629664,
        0.00257890254685908,
        0.9876547940440963,
        0.1566248928598757,
        -0.27329180011135235,
        0,
        0,
        0,
        1
      ],
      "fov": 50,
      "aspect": 1
    },
    {
      "camera_to_world": [
        -0.957632846214675,
        -0.044523324929584523,
        0.2845294455552805,
        0.17683103338619666,
        0.28798968225011856,
        -0.15192147214314525,
        0.9455061127350449,
        0.48841484157042175,
        0.0011290563566203199,
        0.9873892544681019,
        0.1583072499687535,
        -0.2730838432082213,
        0,
        0,
        0,
        1
      ],
      "fov": 50,
      "aspect": 1
    },
    {
      "camera_to_world": [
        -0.9691137813049232,
        -0.03906968350470202,
        0.24349956615098065,
        0.15140529583617862,
        0.24661397963087137,
        -0.15415067315110367,
        0.956775373333619,
        0.4904548423591116,
        0.00015471101293775683,
        0.9872745969576571,
        0.15902467188017855,
        -0.273468815086151,
        0,
        0,
        0,
        1
      ],
      "fov": 50,
      "aspect": 1
    },
    {
      "camera_to_world": [
        -0.9787982424089706,
        -0.03268325590963001,
        0.20220238732580734,
        0.12676110028541965,
        0.20482667223542614,
        -0.1552805878615244,
        0.9664025938367201,
        0.49109810188018865,
        -0.00018707771514073912,
        0.9873296024208557,
        0.15868276902488015,
        -0.27451627578301646,
        0,
        0,
        0,
        1
      ],
      "fov": 50,
      "aspect": 1
    },
    {
      "camera_to_world": [
        -0.9867960630759226,
        -0.02597791497610539,
        0.15987081607145887,
        0.10227537536694574,
        0.16196719936188098,
        -0.1558624962830146,
        0.9744093126521811,
        0.49003161348530544,
        -0.0003952578003033856,
        0.9874371018884806,
        0.15801206784720528,
        -0.27582700214170625,
        0,
        0,
        0,
        1
      ],
      "fov": 50,
      "aspect": 1
    },
    {
      "camera_to_world": [
        -0.99299207287483,
        -0.01906925565253776,
        0.116632356988129,
        0.07788132474418515,
        0.11817987044373834,
        -0.15595437696122327,
        0.9806690321043781,
        0.487365056748734,
        -0.0005113019161225134,
        0.9875801718318847,
        0.15711506221510313,
        -0.2773220244559821,
        0,
        0,
        0,
        1
      ],
      "fov": 50,
      "aspect": 1
    },
    {
      "camera_to_world": [
        -0.9972831590197686,
        -0.012022821565475683,
        0.07267566647204254,
        0.053566126370501295,
        0.07366147083896989,
        -0.15557198239893397,
        0.9850742845117345,
        0.4832402529754488,
        -0.000537074846203812,
        0.9877513908135339,
        0.15603493678192415,
        -0.278955686694333,
        0,
        0,
        0,
        1
      ],
      "fov": 50,
      "aspect": 1
    },
    {
      "camera_to_world": [
        -0.9995911348150125,
        -0.004902934766830313,
        0.028169565667720473,
        0.02931695819925575,
        0.028588984392687308,
        -0.15474053509448601,
        0.9875414101545651,
        0.4777990234704246,
        -0.0004828774487291229,
        0.9879429781264425,
        0.15481743700250677,
        -0.28068233282524796,
        0,
        0,
        0,
        1
      ],
      "fov": 50,
      "aspect": 1
    },
    {
      "camera_to_world": [
        -0.9998573563114816,
        0.002229388249883772,
        -0.016742068505600786,
        0.00512099818381055,
        -0.01688585860554949,
        -0.15349421868066285,
        0.9880052594044052,
        0.47118318953863575,
        -0.000367163408225776,
        0.9881470308914783,
        0.1535099688339084,
        -0.2824563068172161,
        0,
        0,
        0,
        1
      ],
      "fov": 50,
      "aspect": 1
    },
    {
      "camera_to_world": [
        -0.9980361162599939,
        0.009318397658856331,
        -0.06194415311988221,
        -0.019034575722472236,
        -0.06264075337993982,
        -0.1518753087738356,
        0.9864127060215951,
        0.4635345724850569,
        -0.00021600153135809154,
        0.9883557345662156,
        0.15216075477407093,
        -0.28423195263872636,
        0,
        0,
        0,
        1
      ],
      "fov": 50,
      "aspect": 1
    },
    {
      "camera_to_world": [
        -0.9940871003437107,
        0.016315410250186752,
        -0.10735289618171115,
        -0.04316258556623063,
        -0.10858560237794278,
        -0.14993301909234794,
        0.9827152470283919,
        0.45499499361466267,
        -0.00006234141844951509,
        0.9885615292809152,
        0.1508180988453502,
        -0.2859636142582678,
        0,
        0,
        0,
        1
      ],
      "fov": 50,
      "aspect": 1
    },
    {
      "camera_to_world": [
        -0.9879671429907746,
        0.023180454311016837,
        -0.15291694120855656,
        -0.06727585339410298,
        -0.15466389805210434,
        -0.14772213223001382,
        0.9768609165529895,
        0.4457062742324273,
        0.00005486323495496048,
        0.9887572190317263,
        0.14952979235815275,
        -0.28760563564432956,
        0,
        0,
        0,
        1
      ],
      "fov": 50,
      "aspect": 1
    },
    {
      "camera_to_world": [
        -0.9796214374677137,
        0.029883804863361806,
        -0.19861721340452612,
        -0.09138720125272597,
        -0.20085275914841944,
        -0.14530145988788284,
        0.9687856599356316,
        0.43581023564332605,
        0.00009163054939878568,
        0.9889360161109204,
        0.14834266966218426,
        -0.28911236076540053,
        0,
        0,
        0,
        1
      ],
      "fov": 50,
      "aspect": 1
    },
    {
      "camera_to_world": [
        -0.9689742527048694,
        0.036407484462065556,
        -0.24446552450230025,
        -0.11550945118873886,
        -0.24716168310448186,
        -0.14273213633434106,
        0.9584042151735327,
        0.4254486991523331,
        6.938893903907228e-18,
        0.9890915186839788,
        0.14730230027878208,
        -0.2904381335899697,
        0,
        0,
        0,
        1
      ],
      "fov": 50,
      "aspect": 1
    },
    {
      "camera_to_world": [
        -0.9555341318394855,
        0.042951549218409844,
        -0.29173564627844034,
        -0.1397936631751614,
        -0.29488045149901765,
        -0.1398699681064947,
        0.945241721119854,
        0.4144579002126658,
        -0.00020545923251923115,
        0.9892378664616648,
        0.14631610077116294,
        -0.2916487528656941,
        0,
        0,
        0,
        1
      ],
      "fov": 50,
      "aspect": 1
    },
    {
      "camera_to_world": [
        -0.9386942305223924,
        0.04965784186005217,
        -0.3411557420384067,
        -0.16431483066409916,
        -0.3447505592628547,
        -0.13647177573130798,
        0.9287208979648797,
        0.4025918669629049,
        -0.00043985443364775317,
        0.9893985815486828,
        0.145224837261164,
        -0.29283107021360244,
        0,
        0,
        0,
        1
      ],
      "fov": 50,
      "aspect": 1
    },
    {
      "camera_to_world": [
        -0.9182822249103884,
        0.056413281371249506,
        -0.39188684221156944,
        -0.1889716759208225,
        -0.3959259117549561,
        -0.1324757274812748,
        0.9086764297753704,
        0.38986910973606737,
        -0.0006540754039768005,
        0.9895795689651414,
        0.14398558564012814,
        -0.2939710089122417,
        0,
        0,
        0,
        1
      ],
      "fov": 50,
      "aspect": 1
    },
    {
      "camera_to_world": [
        -0.8942785887954714,
        0.06308718683910021,
        -0.4430415471247686,
        -0.21366292121060054,
        -0.44750994444393677,
        -0.127860227096357,
        0.8850913014772276,
        0.3763081388651708,
        -0.0008094725225380392,
        0.9897836981803633,
        0.1425748069282886,
        -0.2950544922401591,
        0,
        0,
        0,
        1
      ],
      "fov": 50,
      "aspect": 1
    },
    {
      "camera_to_world": [
        -0.866833159365131,
        0.06954221896488465,
        -0.49372477515970964,
        -0.23828728879870092,
        -0.4985975318087059,
        -0.12265023392107875,
        0.8581127090268337,
        0.36192746468323356,
        -0.0008803972582759822,
        0.9900105049445408,
        0.14099086849907308,
        -0.29606744347590136,
        0,
        0,
        0,
        1
      ],
      "fov": 50,
      "aspect": 1
    },
    {
      "camera_to_world": [
        -0.8362648103670132,
        0.07564828163747365,
        -0.5430824103459079,
        -0.2627435009503934,
        -0.5483251172816818,
        -0.11691901802490458,
        0.8280516342488081,
        0.34674559752327283,
        -0.0008559788862176623,
        0.9902561692357131,
        0.13925511333791965,
        -0.2969957858980156,
        0,
        0,
        0,
        1
      ],
      "fov": 50,
      "aspect": 1
    },
    {
      "camera_to_world": [
        -0.8030429005823683,
        0.08129690639554353,
        -0.5903498224229182,
        -0.2869302799309476,
        -0.5959207589558647,
        -0.11078441562063282,
        0.7953648611178779,
        0.33078104771830585,
        -0.0007408574242627616,
        0.9905138193211183,
        0.13741115261931178,
        -0.29782544278504897,
        0,
        0,
        0,
        1
      ],
      "fov": 50,
      "aspect": 1
    },
    {
      "camera_to_world": [
        -0.7677530402779231,
        0.08641347581970632,
        -0.6348921013375132,
        -0.31074634800563117,
        -0.6407456292331724,
        -0.10440001631110532,
        0.7606219002979254,
        0.31405232560135127,
        -0.0005547635460944611,
        0.9907741154223793,
        0.1355224868662391,
        -0.29854233741554836,
        0,
        0,
        0,
        1
      ],
      "fov": 50,
      "aspect": 1
    },
    {
      "camera_to_world": [
        -0.7310530622717969,
        0.09096526493964734,
        -0.6762297987500168,
        -0.3340904274397137,
        -0.6823205335862139,
        -0.0979429823596368,
        0.7244624639366241,
        0.2965779415054262,
        -0.00033104327920892296,
        0.9910259798718496,
        0.13366898529347657,
        -0.2991323930680608,
        0,
        0,
        0,
        1
      ],
      "fov": 50,
      "aspect": 1
    },
    {
      "camera_to_world": [
        -0.6936267848437364,
        0.09496447409531378,
        -0.7140473597788466,
        -0.35686124049846485,
        -0.72033455439788,
        -0.09160091509843901,
        0.6875517450298098,
        0.2783764057635479,
        -0.00011440169929551047,
        0.9912572930440052,
        0.13194304035955118,
        -0.2995815330211333,
        0,
        0,
        0,
        1
      ],
      "fov": 50,
      "aspect": 1
    },
    {
      "camera_to_world": [
        -0.6560259135861348,
        0.09845309919736885,
        -0.7482893744814972,
        -0.37904113096860304,
        -0.7547383649872441,
        -0.08553242933206191,
        0.6504261710209218,
