{
  "keyframes": [
    {
      "matrix": "[-0.8508243708531212,-0.5254501887590028,5.5511151533918e-17,0,0.006093925214889795,-0.009867462602363774,0.9999327324060033,0,-0.5254148962592728,0.8507672242015053,0.011597532990859166,0,-0.5377199867013319,0.8433945582120235,-0.14359730612903532,1]",
      "fov": 50,
      "aspect": 1.3584195672624648,
      "properties": "[[\"FOV\",50],[\"NAME\",\"Camera 0\"],[\"TIME\",0]]"
    },
    {
      "matrix": "[-0.7271907498541066,-0.6864354479709681,-5.5511151533918e-17,0,0.022563658713962778,-0.023903316689368664,0.9994595964001531,0,-0.6860645653418409,0.7267978470429537,0.03287076929719363,0,-0.7000538470827569,0.7181255322740644,-0.12210104913619527,1]",
      "fov": 50,
      "aspect": 1.3584195672624648,
      "properties": "[[\"FOV\",50],[\"NAME\",\"Camera 1\"],[\"TIME\",0.14285714285714288]]"
    },
    {
      "matrix": "[-0.5793914044362674,-0.8150494533277426,0,0,0.02101268053452534,-0.01493721201353151,0.9996676042733839,0,-0.814778616980424,0.579198875932623,0.025780868643342045,0,-0.8300925103684414,0.569007602559415,-0.12926391280273503,1]",
      "fov": 50,
      "aspect": 1.3584195672624648,
      "properties": "[[\"FOV\",50],[\"NAME\",\"Camera 2\"],[\"TIME\",0.28571428571428575]]"
    },
    {
      "matrix": "[-0.3591562622242754,-0.9332774454627998,5.5511151533918e-17,0,0.032882832160343954,-0.012654409626497257,0.9993790859057383,0,-0.9326980549065003,0.358933293430183,0.035233719632536194,0,-0.9497404891922775,0.34551322186712013,-0.11967249568888338,1]",
      "fov": 50,
      "aspect": 1.3584195672624648,
      "properties": "[[\"FOV\",50],[\"NAME\",\"Camera 3\"],[\"TIME\",0.42857142857142866]]"
    },
    {
      "matrix": "[-0.04107570103919309,-0.9991560427123588,-5.5511151533918e-17,0,0.061158603355206884,-0.002514254430743117,0.9981248798822561,0,-0.9972826062273812,0.040998683322556705,0.061210269075461524,0,-1.0154680096059168,0.0219520427822456,-0.09323623269925688,1]",
      "fov": 50,
      "aspect": 1.3584195672624648,
      "properties": "[[\"FOV\",50],[\"NAME\",\"Camera 4\"],[\"TIME\",0.5714285714285715]]"
    },
    {
      "matrix": "[0.21262391928490723,-0.9771341155913076,5.5511151533918e-17,0,0.057504542889329185,0.012512961210465226,0.9982668107417496,0,-0.9754406561352834,-0.21225542331189326,0.05885021147972193,0,-0.9931897561542341,-0.23636093529395133,-0.0956434335699102,1]",
      "fov": 50,
      "aspect": 1.3584195672624648,
      "properties": "[[\"FOV\",50],[\"NAME\",\"Camera 5\"],[\"TIME\",0.7142857142857143]]"
    },
    {
      "matrix": "[0.40771982233339243,-0.9131070897659861,-5.5511151533918e-17,0,0.06235455684234701,0.027842505136998368,0.9976656134338601,0,-0.9109756372032639,-0.4067680878983788,0.06828833610328539,0,-0.9270632725096111,-0.4358702792377504,-0.08596560499757985,1]",
      "fov": 50,
      "aspect": 1.3584195672624648,
      "properties": "[[\"FOV\",50],[\"NAME\",\"Camera 6\"],[\"TIME\",0.8571428571428571]]"
    },
    {
      "matrix": "[0.6083844360772215,-0.7936424817532659,5.5511151533918e-17,0,0.06355274320728338,0.04871778001589392,0.9967886430035314,0,-0.7910938926234186,-0.6064307579460693,0.08007730408195668,0,-0.8038227924507417,-0.6411269127039417,-0.07384634465329618,1]",
      "fov": 50,
      "aspect": 1.3584195672624648,
      "properties": "[[\"FOV\",50],[\"NAME\",\"Camera 7\"],[\"TIME\",1]]"
    }
  ],
  "camera_type": "perspective",
  "render_height": 1080,
  "render_width": 1920,
  "camera_path": [
    {
      "camera_to_world": [
        -0.8508243662142221,
        0.00609392529996202,
        -0.5254148474592298,
        -0.5377199867013319,
        -0.5254501858941218,
        -0.009867462740115383,
        0.8507671451830432,
        0.8433945582120235,
        5.0306980803327393e-17,
        0.9999327463652299,
        0.011597531913691056,
        -0.14359730612903532,
        0,
        0,
        0,
        1
      ],
      "fov": 50,
      "aspect": 1.3584195672624648
    },
    {
      "camera_to_world": [
        -0.8429666429356473,
        0.007371157969157266,
        -0.5379153324901594,
        -0.5496364246875717,
        -0.5379657521474709,
        -0.010997579404102125,
        0.842894953575863,
        0.8343191358638603,
        0.0002973452724686424,
        0.999912355797969,
        0.013236023131769695,
        -0.14195923811358224,
        0,
        0,
        0,
        1
      ],
      "fov": 50,
      "aspect": 1.3584195672624648
    },
    {
      "camera_to_world": [
        -0.8348732147958149,
        0.00871634831106042,
        -0.5503732737775533,
        -0.561687009864981,
        -0.550442009278417,
        -0.012209564219309856,
        0.8347841163816628,
        0.8253427766502132,
        0.0005564512921445295,
        0.9998874695752992,
        0.014991282408941802,
        -0.1402021263738734,
        0,
        0,
        0,
        1
      ],
      "fov": 50,
      "aspect": 1.3584195672624648
    },
    {
      "camera_to_world": [
        -0.8265585907717719,
        0.010108204625595972,
        -0.5627599134805444,
        -0.5738341810200328,
        -0.5628501612858754,
        -0.013477373755874891,
        0.8264490645751307,
        0.816437742893418,
        0.0007693905685566855,
        0.9998580822276187,
        0.016829243662787735,
        -0.13835930315270023,
        0,
        0,
        0,
        1
      ],
      "fov": 50,
      "aspect": 1.3584195672624648
    },
    {
      "camera_to_world": [
        -0.8180375016790975,
        0.011525672754934043,
        -0.5750493932821482,
        -0.5860403769391995,
        -0.5751641332922689,
        -0.014775275419149232,
        0.8179045855174316,
        0.8075762969158096,
        0.0009303874320754774,
        0.9998244096359292,
        0.018715882971203374,
        -0.13646410069285456,
        0,
        0,
        0,
        1
      ],
      "fov": 50,
      "aspect": 1.3584195672624648
    },
    {
      "camera_to_world": [
        -0.8093246288522912,
        0.012947998270381606,
        -0.5872188642013227,
        -0.5982680364089532,
        -0.5873606831953058,
        -0.01607787602323043,
        0.8091655762196791,
        0.7987307010397241,
        0.001035842384213689,
        0.9997869029165024,
        0.020617366155337095,
        -0.13454985123712795,
        0,
        0,
        0,
        1
      ],
      "fov": 50,
      "aspect": 1.3584195672624648
    },
    {
      "camera_to_world": [
        -0.8004343341791982,
        0.014354772233997446,
        -0.5992485437455931,
        -0.6104795982157666,
        -0.599419469894657,
        -0.01736012109640069,
        0.8002467902508117,
        0.7898732175874965,
        0.0010843331187726688,
        0.9997462511605775,
        0.02250016693402902,
        -0.13264988702831204,
        0,
        0,
        0,
        1
      ],
      "fov": 50,
      "aspect": 1.3584195672624648
    },
    {
      "camera_to_world": [
        -0.7913803974590071,
        0.015725957515809064,
        -0.6111217233725497,
        -0.6226375011461119,
        -0.6113230794434972,
        -0.01859726711181033,
        0.7911625839204555,
        0.7809761088814624,
        0.0010765952554416382,
        0.9997033739645891,
        0.024331153414357775,
        -0.13079754030919843,
        0,
        0,
        0,
        1
      ],
      "fov": 50,
      "aspect": 1.3584195672624648
    },
    {
      "camera_to_world": [
        -0.7821757661609298,
        0.017041893081637897,
        -0.622824730330096,
        -0.6347041839864618,
        -0.6230570115312422,
        -0.019764829175554242,
        0.7819266665803252,
        0.7720116372439573,
        0.001015486248258441,
        0.999659404701349,
        0.026077641377709293,
        -0.12902614332257886,
        0,
        0,
        0,
        1
      ],
      "fov": 50,
      "aspect": 1.3584195672624648
    },
    {
      "camera_to_world": [
        -0.7728323216370326,
        0.018283274106681888,
        -0.6343468487515755,
        -0.6466420855232887,
        -0.6346096295461268,
        -0.020838506883385496,
        0.7725518589183504,
        0.7629520649973167,
        0.0009059362240672298,
        0.9996156654028642,
        0.02770741346186778,
        -0.12736902831124486,
        0,
        0,
        0,
        1
      ],
      "fov": 50,
      "aspect": 1.3584195672624648
    },
    {
      "camera_to_world": [
        -0.7633606647546065,
        0.01943110616913163,
        -0.6456802053791408,
        -0.6584136445430648,
        -0.6459720780707086,
        -0.021794091088477657,
        0.763049862031727,
        0.7537696544638758,
        0.0007548896714197723,
        0.9995736339593352,
        0.02918870389230927,
        -0.12585952751798812,
        0,
        0,
        0,
        1
      ],
      "fov": 50,
      "aspect": 1.3584195672624648
    },
    {
      "camera_to_world": [
        -0.7537699228235164,
        0.020466632095379668,
        -0.6568196254812296,
        -0.6699812998322628,
        -0.6571381720226495,
        -0.022607354226982884,
        0.7534310389183515,
        0.7444366679659704,
        0.0005712419462931881,
        0.9995349040956639,
        0.03049014885353466,
        -0.12453097318560027,
        0,
        0,
        0,
        1
      ],
      "fov": 50,
      "aspect": 1.3584195672624648
    },
    {
      "camera_to_world": [
        -0.7440675786569351,
        0.02137123023066409,
        -0.6677624644362947,
        -0.6813074901773553,
        -0.6681042617740288,
        -0.023253926653684268,
        0.7437042088724287,
        0.7349253678259359,
        0.0003657745012415233,
        0.9995011382752962,
        0.03158070289593346,
        -0.12341669755687294,
        0,
        0,
        0,
        1
      ],
      "fov": 50,
      "aspect": 1.3584195672624648
    },
    {
      "camera_to_world": [
        -0.7342593216643168,
        0.022126282971187173,
        -0.678508420103197,
        -0.6923546543648145,
        -0.6788690784827991,
        -0.023709161179425304,
        0.7338764541502087,
        0.7252080163661074,
        0.00015109259659507393,
        0.9994740133080235,
        0.03242952193573426,
        -0.12255003287459777,
        0,
        0,
        0,
        1
      ],
      "fov": 50,
      "aspect": 1.3584195672624648
    },
    {
      "camera_to_world": [
        -0.7243550930105174,
        0.022709665847207985,
        -0.6890529517437922,
        -0.7030877311474932,
        -0.689427077883807,
        -0.023946082662863594,
        0.7239591766154349,
        0.7152728960142696,
        -0.00005924795359065274,
        0.9994552797410255,
        0.03300212549925438,
        -0.12196761240223405,
        0,
        0,
        0,
        1
      ],
      "fov": 50,
      "aspect": 1.3584195672624648
    },
    {
      "camera_to_world": [
        -0.7144551417296626,
        0.023060420727007393,
        -0.6993011278783562,
        -0.7135296511926253,
        -0.699681199614647,
        -0.023923548503761233,
        0.7140545376459676,
        0.7053600671521002,
        -0.0002633663913880376,
        0.9994477879423623,
        0.03322724507482219,
        -0.12173597559230012,
        0,
        0,
        0,
        1
      ],
      "fov": 50,
      "aspect": 1.3584195672624648
    },
    {
      "camera_to_world": [
        -0.7045704746623079,
        0.02319104078281232,
        -0.7092549766209189,
        -0.7237161551991272,
        -0.7096338792737692,
        -0.023661100749749645,
        0.704173210011693,
        0.6955135274357559,
        -0.00045124382754385337,
        0.9994510132761486,
        0.03312806122138709,
        -0.12183026110704788,
        0,
        0,
        0,
        1
      ],
      "fov": 50,
      "aspect": 1.3584195672624648
    },
    {
      "camera_to_world": [
        -0.6946674823924174,
        0.023139639291938782,
        -0.718958723432729,
        -0.7336727194034134,
        -0.7193307415100596,
        -0.023195100103386043,
        0.6942803984340776,
        0.6856745103562786,
        -0.0006109215729966957,
        0.9994631280965961,
        0.03275793568280492,
        -0.12219765048980603,
        0,
        0,
        0,
        1
      ],
      "fov": 50,
      "aspect": 1.3584195672624648
    },
    {
      "camera_to_world": [
        -0.684709151787785,
        0.02294409865910936,
        -0.7284551776154613,
        -0.7434248200418979,
        -0.7288160531913294,
        -0.022561503731138702,
        0.6843377376412932,
        0.6757842494047099,
        -0.000733531639145007,
        0.9994821393532306,
        0.03217009551156949,
        -0.12278532528390335,
        0,
        0,
        0,
        1
      ],
      "fov": 50,
      "aspect": 1.3584195672624648
    },
    {
      "camera_to_world": [
        -0.6746552606529489,
        0.022642067601468394,
        -0.7377856165906409,
        -0.7529979333509953,
        -0.7381325207377475,
        -0.02179591076516468,
        0.674303581558971,
        0.6657839780720914,
        -0.0008130821854611338,
        0.9995060155139875,
        0.03141757229182695,
        -0.12354046703266851,
        0,
        0,
        0,
        1
      ],
      "fov": 50,
      "aspect": 1.3584195672624648
    },
    {
      "camera_to_world": [
        -0.6644625211521601,
        0.022270977378202342,
        -0.7469896662944776,
        -0.7624175355671198,
        -0.7473211102063997,
        -0.02093361787325661,
        0.6641332260040984,
        0.6556149298494647,
        -0.000846300177030251,
        0.9995327844594974,
        0.030553176048559793,
        -0.12441025727943024,
        0,
        0,
        0,
        1
      ],
      "fov": 50,
      "aspect": 1.3584195672624648
    },
    {
      "camera_to_world": [
        -0.6540846782188264,
        0.021868077001534193,
        -0.7561051652565464,
        -0.7717091029266856,
        -0.7564208753113942,
        -0.020009683212979763,
        0.6537790696946948,
        0.6452183382278714,
        -0.0008325337944062301,
        0.9995606033582812,
        0.029629497152499972,
        -0.12534187756751725,
        0,
        0,
        0,
        1
      ],
      "fov": 50,
      "aspect": 1.3584195672624648
    },
    {
      "camera_to_world": [
        -0.6434725703092028,
        0.021470487777233573,
        -0.7651680007777872,
        -0.7808981116661073,
        -0.7654687796523971,
        -0.019058997393946696,
        0.6431907197681008,
        0.6345354366983534,
        -0.0007737164455441769,
        0.9995878014326433,
        0.028698930117979964,
        -0.12628250944025823,
        0,
        0,
        0,
        1
      ],
      "fov": 50,
      "aspect": 1.3584195672624648
    },
    {
      "camera_to_world": [
        -0.6325741611173135,
        0.021115277920788704,
        -0.7742119062149941,
        -0.7900100380217991,
        -0.7744995002450342,
        -0.018116360171869756,
        0.6323150493340447,
        0.6235074587519522,
        -0.0006743937421551088,
        0.9996128963416044,
        0.02781371353540547,
        -0.12717933444098195,
        0,
        0,
        0,
        1
      ],
      "fov": 50,
      "aspect": 1.3584195672624648
    },
    {
      "camera_to_world": [
        -0.6213345523760382,
        0.020839558360731744,
        -0.7832682087452534,
        -0.7990703582301755,
        -0.7835452000113277,
        -0.017216561480771917,
        0.621096216016478,
        0.6120756378797093,
        -0.000541814430491703,
        0.9996345846448634,
        0.027025980445017243,
        -0.12797953411301713,
        0,
        0,
        0,
        1
      ],
      "fov": 50,
      "aspect": 1.3584195672624648
    },
    {
      "camera_to_world": [
        -0.6096959897485936,
        0.020680601150288917,
        -0.7923655171829134,
        -0.8081045485276506,
        -0.7926352572414045,
        -0.016394465063666572,
        0.6094756520921315,
        0.6001812075726666,
        -0.0003860859173797464,
        0.9996517064714785,
        0.02638781321605707,
        -0.12863028999969245,
        0,
        0,
        0,
        1
      ],
      "fov": 50,
      "aspect": 1.3584195672624648
    },
    {
      "camera_to_world": [
        -0.5975978761797701,
        0.020675982131938924,
        -0.8015293395430436,
        -0.8171380851506389,
        -0.8017959402564002,
        -0.0156850923710749,
        0.5973920388368645,
        0.5877654013218654,
        -0.00022039460810572257,
        0.9996631840976192,
        0.025951296422840373,
        -0.12907878364433661,
        0,
        0,
        0,
        1
      ],
      "fov": 50,
      "aspect": 1.3584195672624648
    },
    {
      "camera_to_world": [
        -0.5849768100311876,
        0.02086374959388101,
        -0.8107816202150984,
        -0.8261964443355546,
        -0.8110500157013688,
        -0.015123703540760992,
        0.5847812801569667,
        0.5747694526183478,
        -0.00006129066404688376,
        0.9996679336380131,
        0.025768560288838366,
        -0.12927219659027833,
        0,
        0,
        0,
        1
      ],
      "fov": 50,
      "aspect": 1.3584195672624648
    },
    {
      "camera_to_world": [
        -0.5718029959481786,
        0.02124507440136067,
        -0.8201158336712978,
        -0.8353215075555367,
        -0.8203909613096235,
        -0.01472650310483074,
        0.5716133314643521,
        0.5612016546562277,
        0.00006652938488858028,
        0.9996658326260752,
        0.025849925606409127,
        -0.12919884963262554,
        0,
        0,
        0,
        1
      ],
      "fov": 50,
      "aspect": 1.3584195672624648
    },
    {
      "camera_to_world": [
        -0.558203743462258,
        0.02167632133438227,
        -0.8294207122312117,
        -0.8445822782567406,
        -0.8297039007532434,
        -0.014422264725562668,
        0.5580174149209304,
        0.5473210897402191,
        0.00013363971534413596,
        0.999661010229765,
        0.026035490524130487,
        -0.12901531700816257,
        0,
        0,
        0,
        1
      ],
      "fov": 50,
      "aspect": 1.3584195672624648
    },
    {
      "camera_to_world": [
        -0.5442000170913109,
        0.022148147569649595,
        -0.8386631033716994,
        -0.8539396864096477,
        -0.8389554933094627,
        -0.014191402680788844,
        0.544014967014537,
        0.5331347152686721,
        0.00014711795606819555,
        0.999653971956889,
        0.026304271651621115,
        -0.12874302054641765,
        0,
        0,
        0,
        1
      ],
      "fov": 50,
      "aspect": 1.3584195672624648
    },
    {
      "camera_to_world": [
        -0.529792714503917,
        0.02267111880033563,
        -0.8478240973403104,
        -0.8633431043271368,
        -0.8481271518906204,
        -0.014022900943196448,
        0.5296071114279358,
        0.5186126518566737,
        0.0001178324064272079,
        0.999644626165458,
        0.026657222174218134,
        -0.1283818549148586,
        0,
        0,
        0,
        1
      ],
      "fov": 50,
      "aspect": 1.3584195672624648
    },
    {
      "camera_to_world": [
        -0.5149806176920807,
        0.023255392803347208,
        -0.8568863110746052,
        -0.8727419043220864,
        -0.8572018199742119,
        -0.013904806928270702,
        0.5147928672555461,
        0.503725020119312,
        0.000056871625418605784,
        0.9996328541268789,
        0.027095271096054384,
        -0.1279317147809533,
        0,
        0,
        0,
        1
      ],
      "fov": 50,
      "aspect": 1.3584195672624648
    },
    {
      "camera_to_world": [
        -0.4997601549540241,
        0.02391065391375137,
        -0.8658337416327379,
        -0.8820854587073758,
        -0.8661638337640781,
        -0.013824251085656934,
        0.49956891732876585,
        0.488441940671674,
        -0.000024483554449190183,
        0.9996185125893464,
        0.027619353526432185,
        -0.1273924948121696,
        0,
        0,
        0,
        1
      ],
      "fov": 50,
      "aspect": 1.3584195672624648
    },
    {
      "camera_to_world": [
        -0.4841251701376476,
        0.024646046346378396,
        -0.8746515832253926,
        -0.8913231397958836,
        -0.874998746548109,
        -0.013767474555314192,
        0.483929385534302,
        0.47273353412884744,
        -0.00011479735256804058,
        0.9996014350949387,
        0.02823044062190491,
        -0.12676408967597538,
        0,
        0,
        0,
        1
      ],
      "fov": 50,
      "aspect": 1.3584195672624648
    },
    {
      "camera_to_world": [
        -0.46806669889361485,
        0.025470106142297364,
        -0.8833260095117398,
        -0.9004043199004883,
        -0.8836931166249307,
        -0.0137198637588066,
        0.4678656227680728,
        0.4565699211059198,
        -0.0002025254328765006,
        0.9995814319161495,
        0.028929568816509293,
        -0.12604639403983856,
        0,
        0,
        0,
        1
      ],
      "fov": 50,
      "aspect": 1.3584195672624648
    },
    {
      "camera_to_world": [
        -0.45157275136735353,
        0.02639069120446099,
        -0.8918439222421539,
        -0.9092783713340692,
        -0.892234259602109,
        -0.013665991005150611,
        0.4513660008043625,
        0.43992122221797825,
        -0.00027607027193909435,
        0.9995582884992741,
        0.0297178679855575,
        -0.1252393025712269,
        0,
        0,
        0,
        1
      ],
      "fov": 50,
      "aspect": 1.3584195672624648
    },
    {
      "camera_to_world": [
        -0.4346281005919338,
        0.02741490858871293,
        -0.9001926665791721,
        -0.917894666409505,
        -0.900609965134658,
        -0.01358966047892996,
        0.4344157131460803,
        0.42275755808011073,
        -0.00032384563903322007,
        0.9995317623343143,
        0.030596588189897186,
        -0.12434270993760836,
        0,
        0,
        0,
        1
      ],
      "fov": 50,
      "aspect": 1.3584195672624648
    },
    {
      "camera_to_world": [
        -0.4172140758591826,
        0.028549037942855397,
        -0.9083597125244524,
        -0.9262025774396742,
        -0.9088081772930111,
        -0.013473959345251063,
        0.4169965818863716,
        0.4050490493074044,
        -0.00033435059910338384,
        0.9995015782139115,
        0.03156712463270855,
        -0.12335651080645074,
        0,
        0,
        0,
        1
      ],
      "fov": 50,
      "aspect": 1.3584195672624648
    },
    {
      "camera_to_world": [
        -0.3993083605773607,
        0.029798449746238655,
        -0.9163323008416441,
        -0.934151476737456,
        -0.9168166367418981,
        -0.013301314153194197,
        0.39908686978535496,
        0.38676581651494674,
        -0.00029625376853137207,
        0.9994674218975418,
        0.03263104042450541,
        -0.12228059984522195,
        0,
        0,
        0,
        1
      ],
      "fov": 50,
      "aspect": 1.3584195672624648
    },
    {
      "camera_to_world": [
        -0.3808847946083348,
        0.031167516804619908,
        -0.9240970507108008,
        -0.941690736615729,
        -0.9246224817936867,
        -0.013053553251489665,
        0.38066109718382607,
        0.3678779803178253,
        -0.00019848891765603295,
        0.9994289322626917,
        0.03379008668833669,
        -0.12111487172138986,
        0,
        0,
        0,
        1
      ],
      "fov": 50,
      "aspect": 1.3584195672624648
    },
    {
      "camera_to_world": [
        -0.3619131818621726,
        0.0326595173113983,
        -0.9316395250972258,
        -0.9487697293873721,
        -0.9322118041906896,
        -0.012711976555674583,
        0.3616898640819058,
        0.3483556613311276,
        -0.000030363424035435502,
        0.9993856921034214,
        0.035046219439877194,
        -0.1198592211024223,
        0,
        0,
        0,
        1
      ],
      "fov": 50,
      "aspect": 1.3584195672624648
    },
    {
      "camera_to_world": [
        -0.34209437734987935,
        0.03435342694953091,
        -0.9390374215346381,
        -0.9554905722247552,
        -0.9396655743478846,
        -0.012280168054031475,
        0.3418739619480035,
        0.3279195918539055,
        0.00021300483225769953,
        0.9993342981852409,
        0.03648170910954483,
        -0.11843007280234243,
        0,
        0,
        0,
        1
      ],
      "fov": 50,
      "aspect": 1.3584195672624648
    },
    {
      "camera_to_world": [
        -0.3210473813901837,
        0.03634114715050485,
        -0.9463656269784375,
        -0.962067769316114,
        -0.9470629994686766,
        -0.011787677845330734,
        0.3208313040967299,
        0.3062450165835636,
        0.0005039244979513723,
        0.9992699193285065,
        0.03820175892940419,
        -0.11671649243028778,
        0,
        0,
        0,
        1
      ],
      "fov": 50,
      "aspect": 1.3584195672624648
    },
    {
      "camera_to_world": [
        -0.2989176210073324,
        0.03855839229803855,
        -0.9534996099814133,
        -0.9684658829856438,
        -0.9542785796996444,
        -0.011235018596024693,
        0.29870749351761594,
        0.2835165235197031,
        0.0008050948679725735,
        0.9991931868965768,
        0.040153792868370765,
        -0.11476911846998483,
        0,
        0,
        0,
        1
      ],
      "fov": 50,
      "aspect": 1.3584195672624648
    },
    {
      "camera_to_world": [
        -0.2758713974172061,
        0.040940406589428116,
        -0.9603222663228058,
        -0.9746452700068868,
        -0.961193943889549,
        -0.010623868220679034,
        0.27566888771510667,
        0.259926383728929,
        0.0010836591403145474,
        0.999105107850181,
        0.04228249224614906,
        -0.112641089112621,
        0,
        0,
        0,
        1
      ],
      "fov": 50,
      "aspect": 1.3584195672624648
    },
    {
      "camera_to_world": [
        -0.2520876106575244,
        0.043424610446045876,
        -0.9667296104705748,
        -0.9805662871533852,
        -0.9677035262104425,
        -0.009957484064841152,
        0.2518942910646729,
        0.2356668682778467,
        0.0013122167717954734,
        0.9990070829171871,
        0.044532307019019585,
        -0.11038554254938372,
        0,
        0,
        0,
        1
      ],
      "fov": 50,
      "aspect": 1.3584195672624648
    },
    {
      "camera_to_world": [
        -0.22775657727239665,
        0.0459508307567222,
        -0.9726332621609906,
        -0.9861892911986812,
        -0.9737169925978413,
        -0.009240448046499539,
        0.2275737956051083,
        0.21093024823306106,
        0.0014696378392192225,
        0.9989009636959347,
        0.046847677551342067,
        -0.10805561697146046,
        0,
        0,
        0,
        1
      ],
      "fov": 50,
      "aspect": 1.3584195672624648
    },
    {
      "camera_to_world": [
        -0.20307809270750718,
        0.04846145924020022,
        -0.9779625633073035,
        -0.991474638916317,
        -0.9791613306878769,
        -0.008478334306858007,
        0.20290689079705407,
        0.1859087946611769,
        0.001541670466606086,
        0.9987890692311823,
        0.0491733508770841,
        -0.10570445057003859,
        0,
        0,
        0,
        1
      ],
      "fov": 50,
      "aspect": 1.3584195672624648
    },
    {
      "camera_to_world": [
        -0.17825890047717619,
        0.050901515525423394,
        -0.9826661692140842,
        -0.996382687079835,
        -0.9839824439552354,
        -0.007677325730953468,
        0.1780999962310584,
        0.16079477862879957,
        0.0015213114573883043,
        0.9986741682785413,
        0.051454749291136345,
        -0.10338518153630558,
        0,
        0,
        0,
        1
      ],
      "fov": 50,
      "aspect": 1.3584195672624648
    },
    {
      "camera_to_world": [
        -0.15350977712592478,
        0.0532185994936439,
        -0.9867129922093273,
        -1.0008737924627775,
        -0.9881461244535908,
        -0.006843811196458098,
        0.15336361685763578,
        0.1357804712025342,
        0.0014089194786703072,
        0.9985594338426944,
        0.05363834476995225,
        -0.10115094806144882,
        0,
        0,
        0,
        1
      ],
      "fov": 50,
      "aspect": 1.3584195672624648
    },
    {
      "camera_to_world": [
        -0.12904247336977212,
        0.055362727168627945,
        -0.9900924242246597,
        -1.0049083118386863,
        -0.9916383266955927,
        -0.0059839978634184205,
        0.12890935108802584,
        0.11105814344898589,
        0.0012120622826241195,
        0.9984483763370156,
        0.055671992015737776,
        -0.09905488833665578,
        0,
        0,
        0,
        1
      ],
      "fov": 50,
      "aspect": 1.3584195672624648
    },
    {
      "camera_to_world": [
        -0.10506676279557531,
        0.057286054530262594,
        -0.9928138210722159,
        -1.0084466019811045,
        -0.9944647214137975,
        -0.005103571705715098,
        0.10494699337867074,
        0.08682006643475905,
        0.000945102659210586,
        0.9983447608477747,
        0.057505176017147774,
        -0.09715014055311383,
        0,
        0,
        0,
        1
      ],
      "fov": 50,
      "aspect": 1.3584195672624648
    },
    {
      "camera_to_world": [
        -0.08178783862476074,
        0.05894250252710572,
        -0.9949052873761061,
        -1.0114490196635735,
        -0.9966495644861739,
        -0.0042074349277660085,
        0.08168196313047607,
        0.06325851122645956,
        0.0006285400623117351,
        0.9982525125874568,
        0.059089136482261426,
        -0.09548984290201046,
        0,
        0,
        0,
        1
      ],
      "fov": 50,
      "aspect": 1.3584195672624648
    },
    {
      "camera_to_world": [
        -0.05940426835625386,
        0.060287302957208536,
        -0.9964118495899192,
        -1.013875921659636,
        -0.9982339655009269,
        -0.0032995416346880604,
        0.05931326281107293,
        0.04056574889069224,
        0.0002881342614532083,
        0.9981756128693721,
        0.060376840357049676,
        -0.09412713357453309,
        0,
        0,
        0,
        1
      ],
      "fov": 50,
      "aspect": 1.3584195672624648
    },
    {
      "camera_to_world": [
        -0.03809811351479345,
        0.06127686044293679,
        -0.997393442990714,
        -1.0156871625076758,
        -0.9992740022671472,
        -0.0023824313038225764,
        0.03802357708159668,
        0.01892533415320482,
        -0.0000462559344382059,
        0.9981179641682336,
        0.0613231397194331,
        -0.09311484357465132,
        0,
        0,
        0,
        1
      ],
      "fov": 50,
      "aspect": 1.3584195672624648
    },
    {
      "camera_to_world": [
        -0.01748580611253218,
        0.06190940436233282,
        -0.9979285907499073,
        -1.0168322723882495,
        -0.9998470498731447,
        -0.001433427546056253,
        0.017430494698648668,
        -0.002045645291669563,
        -0.0003513467864438755,
        0.9980807436961058,
        0.06192499994722875,
        -0.09246544278245339,
        0,
        0,
        0,
        1
      ],
      "fov": 50,
      "aspect": 1.3584195672624648
    },
    {
      "camera_to_world": [
        0.0027389362739420504,
        0.062231529902884546,
        -0.9980579817395547,
        -1.017333385670585,
        -0.9999960612692721,
        -0.0004412880119906991,
        -0.002771770342742936,
        -0.022644011923812733,
        -0.0006129225315816334,
        0.9980616423602485,
        0.06223007612990217,
        -0.09213260577693608,
        0,
        0,
        0,
        1
      ],
      "fov": 50,
      "aspect": 1.3584195672624648
    },
    {
      "camera_to_world": [
        0.022596555275689743,
        0.06228621467582495,
        -0.9978024970659424,
        -1.0172418601749127,
        -0.9997443294721362,
        0.0005898192138945837,
        -0.02260371212000224,
        -0.04287726115351222,
        -0.0008193765811355191,
        0.9980581544051689,
        0.06228361780890958,
        -0.09206873031335175,
        0,
        0,
        0,
        1
      ],
      "fov": 50,
      "aspect": 1.3584195672624648
    },
    {
      "camera_to_world": [
        0.04210434818773366,
        0.06211578774790127,
        -0.9971804514610902,
        -1.0166090537214623,
        -0.999112754320582,
        0.0016553383057998268,
        -0.042082823206550574,
        -0.06275288839105475,
        -0.0009633367150322417,
        0.9980675772549428,
        0.06213037272399419,
        -0.09222621414695273,
        0,
        0,
        0,
        1
      ],
      "fov": 50,
      "aspect": 1.3584195672624648
    },
    {
      "camera_to_world": [
        0.06127645632659327,
        0.06176233121349319,
        -0.9962081159793519,
        -1.0154863241304628,
        -0.998120289004096,
        0.002750307777467259,
        -0.061223561522579795,
        -0.08227838904672741,
        -0.0010414309554732343,
        0.9980870955233336,
        0.06181476499478916,
        -0.0925574550329914,
        0,
        0,
        0,
        1
      ],
      "fov": 50,
      "aspect": 1.3584195672624648
    },
    {
      "camera_to_world": [
        0.08012389200221268,
        0.061268031535338094,
        -0.994900191095671,
        -1.0139250292221456,
        -0.9967843552358129,
        0.0038693824838249183,
        -0.08003734775914917,
        -0.10146125853081692,
        -0.0010540813739327202,
        0.9981138493132827,
        0.06138104529476867,
        -0.09301485072672007,
        0,
        0,
        0,
        1
      ],
      "fov": 50,
      "aspect": 1.3584195672624648
    },
    {
      "camera_to_world": [
        0.098654595659908,
        0.06067547962990994,
        -0.9932702335854328,
        -1.0119765268167393,
        -0.9951212288394218,
        0.005006887248570358,
        -0.09853258848319861,
        -0.12030899225361077,
        -0.0010053199984712124,
        0.9981449880912895,
        0.06087341028675974,
        -0.09355079898339112,
        0,
        0,
        0,
        1
      ],
      "fov": 50,
      "aspect": 1.3584195672624648
    },
    {
      "camera_to_world": [
        0.11687351628879626,
        0.060027918708426,
        -0.9913310396461048,
        -1.0096921747344743,
        -0.9931463972976847,
        0.006156894541280822,
        -0.11671472136897346,
        -0.13882908562539573,
        -0.0009026211398139845,
        0.9981777104429561,
        0.06033608911701036,
        -0.09411769755825689,
        0,
        0,
        0,
        1
      ],
      "fov": 50,
      "aspect": 1.3584195672624648
    },
    {
      "camera_to_world": [
        0.13478270931544117,
        0.05936943888528803,
        -0.9890949858310045,
        -1.0071233307955803,
        -0.9908748904917407,
        0.007313319052287742,
        -0.1345862799746706,
        -0.15702903405645866,
        -0.0007567447193543109,
        0.9982092892228991,
        0.059813395209971434,
        -0.09466794420656971,
        0,
        0,
        0,
        1
      ],
      "fov": 50,
      "aspect": 1.3584195672624648
    },
    {
      "camera_to_world": [
        0.1523814469935167,
        0.05874511759944257,
        -0.9865743285583656,
        -1.0043213528202872,
        -0.9883215855026345,
        0.008470022218636708,
        -0.15214697615521242,
        -0.17491633295708695,
        -0.0005815855234115909,
        0.9982370809992201,
        0.05934974200816289,
        -0.09515393668358196,
        0,
        0,
        0,
        1
      ],
      "fov": 50,
      "aspect": 1.3584195672624648
    },
    {
      "camera_to_world": [
        0.16966633684310264,
        0.058201105002821274,
        -0.9837814622764006,
        -1.001337598628825,
        -0.9855014859895286,
        0.009620919814664125,
        -0.16939379863014736,
        -0.19249847773756742,
        -0.00039402369718569846,
        0.9982585182598596,
        0.058989621688528227,
        -0.09552807274454596,
        0,
        0,
        0,
        1
      ],
      "fov": 50,
      "aspect": 1.3584195672624648
    },
    {
      "camera_to_world": [
        0.18663144406062973,
        0.05778465367495304,
        -0.9807291358410383,
        -0.9982234260414234,
        -0.9824299763287399,
        0.010760085709700194,
        -0.1863211264624375,
        -0.20978296380818684,
        -0.0002137722053093035,
        0.9982710825999047,
        0.05877754627626604,
        -0.09574275014471406,
        0,
        0,
        0,
        1
      ],
      "fov": 50,
      "aspect": 1.3584195672624648
    },
    {
      "camera_to_world": [
        0.20326841407969182,
        0.057544092327546946,
        -0.9774306263237947,
        -0.9950301928783122,
        -0.9791230504084188,
        0.011881844884366029,
        -0.20292085629884604,
        -0.22677728657923288,
        -0.00006321740283761999,
        0.9982722570523248,
        0.05875795097871742,
        -0.09575036663933867,
        0,
        0,
        0,
        1
      ],
      "fov": 50,
      "aspect": 1.3584195672624648
    },
    {
      "camera_to_world": [
        0.21953863686616717,
        0.05751409183059093,
        -0.973907036715439,
        -0.9917932968738398,
        -0.9756038056083476,
        0.012980668407615992,
        -0.21915454987337407,
        -0.24345516232677208,
        0.00003748939693795119,
        0.9982603024705499,
        0.05896072511385222,
        -0.09551936748048614,
        0,
        0,
        0,
        1
      ],
      "fov": 50,
      "aspect": 1.3584195672624648
    },
    {
      "camera_to_world": [
        0.23523528633843419,
        0.05760585155740148,
        -0.9702298314974763,
        -0.9884119252582694,
        -0.9719384487546445,
        0.014054177308952543,
        -0.23481510158544733,
        -0.25957308692238085,
        0.00010905819693325314,
        0.9982404750191785,
        0.05929538042541368,
        -0.09515231968305013,
        0,
        0,
        0,
        1
      ],
      "fov": 50,
      "aspect": 1.3584195672624648
    },
    {
      "camera_to_world": [
        0.2503857809508374,
        0.057787446679329,
        -0.9664199768754386,
        -0.9848459103289106,
        -0.9681461333818997,
        0.015108618045577709,
        -0.2499295782384111,
        -0.2751424072088419,
        0.00015847812618767498,
        0.9982145764649185,
        0.05972967618903496,
        -0.09468576720470602,
        0,
        0,
        0,
        1
      ],
      "fov": 50,
      "aspect": 1.3584195672624648
    },
    {
      "camera_to_world": [
        0.26507208297969054,
        0.058048923078167156,
        -0.9624796690602214,
        -0.9810798232194784,
        -0.9642285807618101,
        0.016151291025030514,
        -0.2645796285436398,
        -0.29023819970665427,
        0.0001867267352869076,
        0.9981830785620892,
        0.06025368706922862,
        -0.09413092611669256,
        0,
        0,
        0,
        1
      ],
      "fov": 50,
      "aspect": 1.3584195672624648
    },
    {
      "camera_to_world": [
        0.27937543853679875,
        0.05837947163232553,
        -0.9584055517547371,
        -0.9770982350636872,
        -0.9601819234267992,
        0.017189499692670397,
        -0.2788461852432773,
        -0.30493554093631786,
